 net8            v(Vbn)          i(Vout)         i(Vout1)        v(b6)           v(b5)           v(b4)           v(b3)           v(b2)           v(b1)           v(b0)           v(b0out)        v(b1out)        v(b6out)       
 1.23875231e+00  3.59956792e-01  1.62180368e-11  1.17737631e-11  0.00000000e+00  0.00000000e+00  0.00000000e+00  0.00000000e+00  0.00000000e+00  0.00000000e+00  0.00000000e+00  3.37249326e-09  3.44917423e-09  3.34172796e-09 
 9.84694893e-01  3.59958416e-01  1.33947105e-08  1.24123509e-08  0.00000000e+00  0.00000000e+00  0.00000000e+00  0.00000000e+00  0.00000000e+00  0.00000000e+00  1.80000000e+00  3.59958418e-01  3.44917433e-09  3.34172801e-09 
 9.83580982e-01  3.59958399e-01  1.36714317e-08  1.26805994e-08  0.00000000e+00  0.00000000e+00  0.00000000e+00  0.00000000e+00  0.00000000e+00  1.80000000e+00  0.00000000e+00  3.37249332e-09  3.59958401e-01  3.34172801e-09 
 9.47735872e-01  3.59960021e-01  2.50511285e-08  2.37901260e-08  0.00000000e+00  0.00000000e+00  0.00000000e+00  0.00000000e+00  0.00000000e+00  1.80000000e+00  1.80000000e+00  3.59960023e-01  3.59960023e-01  3.34172806e-09 
 9.83569924e-01  3.59958321e-01  1.36753812e-08  1.26843731e-08  0.00000000e+00  0.00000000e+00  0.00000000e+00  0.00000000e+00  1.80000000e+00  0.00000000e+00  0.00000000e+00  3.37249332e-09  3.44917427e-09  3.34172801e-09 
 9.47729594e-01  3.59960091e-01  2.50545169e-08  2.37937758e-08  0.00000000e+00  0.00000000e+00  0.00000000e+00  0.00000000e+00  1.80000000e+00  0.00000000e+00  1.80000000e+00  3.59960093e-01  3.44917431e-09  3.34172806e-09 
 9.47130075e-01  3.59959943e-01  2.52899412e-08  2.40248880e-08  0.00000000e+00  0.00000000e+00  0.00000000e+00  0.00000000e+00  1.80000000e+00  1.80000000e+00  0.00000000e+00  3.37249337e-09  3.59959945e-01  3.34172806e-09 
 9.25007787e-01  3.59961647e-01  3.51444163e-08  3.37084245e-08  0.00000000e+00  0.00000000e+00  0.00000000e+00  0.00000000e+00  1.80000000e+00  1.80000000e+00  1.80000000e+00  3.59961649e-01  3.59961649e-01  3.34172811e-09 
 9.84445594e-01  3.59958448e-01  1.34600461e-08  1.24756855e-08  0.00000000e+00  0.00000000e+00  0.00000000e+00  1.80000000e+00  0.00000000e+00  0.00000000e+00  0.00000000e+00  3.37249332e-09  3.44917433e-09  3.34172801e-09 
 9.48206251e-01  3.59960240e-01  2.48706300e-08  2.36136405e-08  0.00000000e+00  0.00000000e+00  0.00000000e+00  1.80000000e+00  0.00000000e+00  0.00000000e+00  1.80000000e+00  3.59960243e-01  3.44917437e-09  3.34172807e-09 
 9.47601908e-01  3.59960106e-01  2.51071613e-08  2.38453844e-08  0.00000000e+00  0.00000000e+00  0.00000000e+00  1.80000000e+00  0.00000000e+00  1.80000000e+00  0.00000000e+00  3.37249338e-09  3.59960109e-01  3.34172807e-09 
 9.25335092e-01  3.59961774e-01  3.49833460e-08  3.35497042e-08  0.00000000e+00  0.00000000e+00  0.00000000e+00  1.80000000e+00  0.00000000e+00  1.80000000e+00  1.80000000e+00  3.59961777e-01  3.59961777e-01  3.34172812e-09 
 9.47595893e-01  3.59960010e-01  2.51107903e-08  2.38487725e-08  0.00000000e+00  0.00000000e+00  0.00000000e+00  1.80000000e+00  1.80000000e+00  0.00000000e+00  0.00000000e+00  3.37249338e-09  3.44917437e-09  3.34172806e-09 
 9.25330946e-01  3.59961729e-01  3.49864322e-08  3.35529688e-08  0.00000000e+00  0.00000000e+00  0.00000000e+00  1.80000000e+00  1.80000000e+00  0.00000000e+00  1.80000000e+00  3.59961731e-01  3.44917436e-09  3.34172812e-09 
 9.24915907e-01  3.59961658e-01  3.51943462e-08  3.37574725e-08  0.00000000e+00  0.00000000e+00  0.00000000e+00  1.80000000e+00  1.80000000e+00  1.80000000e+00  0.00000000e+00  3.37249344e-09  3.59961661e-01  3.34172811e-09 
 9.08758839e-01  3.59963365e-01  4.39830171e-08  4.24117142e-08  0.00000000e+00  0.00000000e+00  0.00000000e+00  1.80000000e+00  1.80000000e+00  1.80000000e+00  1.80000000e+00  3.59963367e-01  3.59963367e-01  3.34172816e-09 
 9.83914176e-01  3.59958402e-01  1.35960471e-08  1.26076452e-08  0.00000000e+00  0.00000000e+00  1.80000000e+00  0.00000000e+00  0.00000000e+00  0.00000000e+00  0.00000000e+00  3.37249332e-09  3.44917433e-09  3.34172801e-09 
 9.47917656e-01  3.59960083e-01  2.49877298e-08  2.37282558e-08  0.00000000e+00  0.00000000e+00  1.80000000e+00  0.00000000e+00  0.00000000e+00  0.00000000e+00  1.80000000e+00  3.59960085e-01  3.44917437e-09  3.34172806e-09 
 9.47315925e-01  3.59960026e-01  2.52235404e-08  2.39597473e-08  0.00000000e+00  0.00000000e+00  1.80000000e+00  0.00000000e+00  0.00000000e+00  1.80000000e+00  0.00000000e+00  3.37249338e-09  3.59960028e-01  3.34172806e-09 
 9.25136833e-01  3.59961752e-01  3.50867301e-08  3.36516690e-08  0.00000000e+00  0.00000000e+00  1.80000000e+00  0.00000000e+00  0.00000000e+00  1.80000000e+00  1.80000000e+00  3.59961754e-01  3.59961754e-01  3.34172812e-09 
 9.47309880e-01  3.59960109e-01  2.52274682e-08  2.39632802e-08  0.00000000e+00  0.00000000e+00  1.80000000e+00  0.00000000e+00  1.80000000e+00  0.00000000e+00  0.00000000e+00  3.37249338e-09  3.44917437e-09  3.34172807e-09 
 9.25132591e-01  3.59961717e-01  3.50901004e-08  3.36549254e-08  0.00000000e+00  0.00000000e+00  1.80000000e+00  0.00000000e+00  1.80000000e+00  0.00000000e+00  1.80000000e+00  3.59961719e-01  3.44917436e-09  3.34172812e-09 
 9.24718809e-01  3.59961713e-01  3.52978777e-08  3.38590460e-08  0.00000000e+00  0.00000000e+00  1.80000000e+00  0.00000000e+00  1.80000000e+00  1.80000000e+00  0.00000000e+00  3.37249344e-09  3.59961715e-01  3.34172811e-09 
 9.08608075e-01  3.59963261e-01  4.40766163e-08  4.25039399e-08  0.00000000e+00  0.00000000e+00  1.80000000e+00  0.00000000e+00  1.80000000e+00  1.80000000e+00  1.80000000e+00  3.59963264e-01  3.59963264e-01  3.34172816e-09 
 9.47783358e-01  3.59960092e-01  2.50440532e-08  2.37834865e-08  0.00000000e+00  0.00000000e+00  1.80000000e+00  1.80000000e+00  0.00000000e+00  0.00000000e+00  0.00000000e+00  3.37249338e-09  3.44917437e-09  3.34172806e-09 
 9.25460639e-01  3.59961819e-01  3.49291080e-08  3.34961638e-08  0.00000000e+00  0.00000000e+00  1.80000000e+00  1.80000000e+00  0.00000000e+00  0.00000000e+00  1.80000000e+00  3.59961822e-01  3.44917435e-09  3.34172812e-09 
 9.25044596e-01  3.59961788e-01  3.51369332e-08  3.37008451e-08  0.00000000e+00  0.00000000e+00  1.80000000e+00  1.80000000e+00  0.00000000e+00  1.80000000e+00  0.00000000e+00  3.37249340e-09  3.59961791e-01  3.34172808e-09 
 9.08857470e-01  3.59963502e-01  4.39317727e-08  4.23614209e-08  0.00000000e+00  0.00000000e+00  1.80000000e+00  1.80000000e+00  0.00000000e+00  1.80000000e+00  1.80000000e+00  3.59963505e-01  3.59963505e-01  3.34172817e-09 
 9.25040471e-01  3.59961778e-01  3.51402207e-08  3.37039398e-08  0.00000000e+00  0.00000000e+00  1.80000000e+00  1.80000000e+00  1.80000000e+00  0.00000000e+00  0.00000000e+00  3.37249344e-09  3.44917436e-09  3.34172812e-09 
 9.08854355e-01  3.59963474e-01  4.39345706e-08  4.23645059e-08  0.00000000e+00  0.00000000e+00  1.80000000e+00  1.80000000e+00  1.80000000e+00  0.00000000e+00  1.80000000e+00  3.59963476e-01  3.44917445e-09  3.34172816e-09 
 9.08537688e-01  3.59963384e-01  4.41219647e-08  4.25488223e-08  0.00000000e+00  0.00000000e+00  1.80000000e+00  1.80000000e+00  1.80000000e+00  1.80000000e+00  0.00000000e+00  3.37249349e-09  3.59963386e-01  3.34172816e-09 
 8.95842029e-01  3.59965023e-01  5.21009505e-08  5.04133631e-08  0.00000000e+00  0.00000000e+00  1.80000000e+00  1.80000000e+00  1.80000000e+00  1.80000000e+00  1.80000000e+00  3.59965025e-01  3.59965025e-01  3.34172821e-09 
 9.82087425e-01  3.59958355e-01  1.40660378e-08  1.30630904e-08  0.00000000e+00  1.80000000e+00  0.00000000e+00  0.00000000e+00  0.00000000e+00  0.00000000e+00  0.00000000e+00  3.37249332e-09  3.44917432e-09  3.34172801e-09 
 9.46914596e-01  3.59960015e-01  2.53907469e-08  2.41237170e-08  0.00000000e+00  1.80000000e+00  0.00000000e+00  0.00000000e+00  0.00000000e+00  0.00000000e+00  1.80000000e+00  3.59960017e-01  3.44917437e-09  3.34172806e-09 
 9.46322617e-01  3.59959974e-01  2.56253378e-08  2.43540724e-08  0.00000000e+00  1.80000000e+00  0.00000000e+00  0.00000000e+00  0.00000000e+00  1.80000000e+00  0.00000000e+00  3.37249338e-09  3.59959976e-01  3.34172806e-09 
 9.24446165e-01  3.59961654e-01  3.54427181e-08  3.40018435e-08  0.00000000e+00  1.80000000e+00  0.00000000e+00  0.00000000e+00  0.00000000e+00  1.80000000e+00  1.80000000e+00  3.59961657e-01  3.59961657e-01  3.34172811e-09 
 9.46316765e-01  3.59959997e-01  2.56289863e-08  2.43575547e-08  0.00000000e+00  1.80000000e+00  0.00000000e+00  0.00000000e+00  1.80000000e+00  0.00000000e+00  0.00000000e+00  3.37249338e-09  3.44917437e-09  3.34172806e-09 
 9.24441777e-01  3.59961707e-01  3.54460264e-08  3.40051391e-08  0.00000000e+00  1.80000000e+00  0.00000000e+00  0.00000000e+00  1.80000000e+00  0.00000000e+00  1.80000000e+00  3.59961709e-01  3.44917441e-09  3.34172811e-09 
 9.24032739e-01  3.59961610e-01  3.56531466e-08  3.42084492e-08  0.00000000e+00  1.80000000e+00  0.00000000e+00  0.00000000e+00  1.80000000e+00  1.80000000e+00  0.00000000e+00  3.37249343e-09  3.59961612e-01  3.34172811e-09 
 9.08081284e-01  3.59963376e-01  4.43982940e-08  4.28207345e-08  0.00000000e+00  1.80000000e+00  0.00000000e+00  0.00000000e+00  1.80000000e+00  1.80000000e+00  1.80000000e+00  3.59963379e-01  3.59963379e-01  3.34172816e-09 
 9.46782622e-01  3.59960070e-01  2.54468779e-08  2.41786208e-08  0.00000000e+00  1.80000000e+00  0.00000000e+00  1.80000000e+00  0.00000000e+00  0.00000000e+00  0.00000000e+00  3.37249338e-09  3.44917437e-09  3.34172806e-09 
 9.24766169e-01  3.59961780e-01  3.52854045e-08  3.38471635e-08  0.00000000e+00  1.80000000e+00  0.00000000e+00  1.80000000e+00  0.00000000e+00  0.00000000e+00  1.80000000e+00  3.59961783e-01  3.44917436e-09  3.34172812e-09 
 9.24354924e-01  3.59961714e-01  3.54924053e-08  3.40508091e-08  0.00000000e+00  1.80000000e+00  0.00000000e+00  1.80000000e+00  0.00000000e+00  1.80000000e+00  0.00000000e+00  3.37249346e-09  3.59961716e-01  3.34172813e-09 
 9.08328929e-01  3.59963307e-01  4.42534861e-08  4.26785485e-08  0.00000000e+00  1.80000000e+00  0.00000000e+00  1.80000000e+00  0.00000000e+00  1.80000000e+00  1.80000000e+00  3.59963309e-01  3.59963309e-01  3.34172816e-09 
 9.24350715e-01  3.59961739e-01  3.54958596e-08  3.40540461e-08  0.00000000e+00  1.80000000e+00  0.00000000e+00  1.80000000e+00  1.80000000e+00  0.00000000e+00  0.00000000e+00  3.37249344e-09  3.44917436e-09  3.34172812e-09 
 9.08325760e-01  3.59963297e-01  4.42574658e-08  4.26815867e-08  0.00000000e+00  1.80000000e+00  0.00000000e+00  1.80000000e+00  1.80000000e+00  0.00000000e+00  1.80000000e+00  3.59963300e-01  3.44917440e-09  3.34172816e-09 
 9.08011892e-01  3.59963275e-01  4.44436323e-08  4.28654252e-08  0.00000000e+00  1.80000000e+00  0.00000000e+00  1.80000000e+00  1.80000000e+00  1.80000000e+00  0.00000000e+00  3.37249349e-09  3.59963277e-01  3.34172816e-09 
 8.95415668e-01  3.59964990e-01  5.23965020e-08  5.07048873e-08  0.00000000e+00  1.80000000e+00  0.00000000e+00  1.80000000e+00  1.80000000e+00  1.80000000e+00  1.80000000e+00  3.59964992e-01  3.59964992e-01  3.34172821e-09 
 9.46500360e-01  3.59960060e-01  2.55629877e-08  2.42925997e-08  0.00000000e+00  1.80000000e+00  1.80000000e+00  0.00000000e+00  0.00000000e+00  0.00000000e+00  0.00000000e+00  3.37249338e-09  3.44917437e-09  3.34172806e-09 
 9.24569848e-01  3.59961788e-01  3.53883409e-08  3.39484945e-08  0.00000000e+00  1.80000000e+00  1.80000000e+00  0.00000000e+00  0.00000000e+00  0.00000000e+00  1.80000000e+00  3.59961791e-01  3.44917436e-09  3.34172812e-09 
 9.24159903e-01  3.59961639e-01  3.55953466e-08  3.41521139e-08  0.00000000e+00  1.80000000e+00  1.80000000e+00  0.00000000e+00  0.00000000e+00  1.80000000e+00  0.00000000e+00  3.37249342e-09  3.59961641e-01  3.34172809e-09 
 9.08179100e-01  3.59963279e-01  4.43475806e-08  4.27705028e-08  0.00000000e+00  1.80000000e+00  1.80000000e+00  0.00000000e+00  0.00000000e+00  1.80000000e+00  1.80000000e+00  3.59963282e-01  3.59963282e-01  3.34172816e-09 
 9.24155653e-01  3.59961707e-01  3.55986424e-08  3.41552583e-08  0.00000000e+00  1.80000000e+00  1.80000000e+00  0.00000000e+00  1.80000000e+00  0.00000000e+00  0.00000000e+00  3.37249344e-09  3.44917436e-09  3.34172811e-09 
 9.08175884e-01  3.59963352e-01  4.43508067e-08  4.27736637e-08  0.00000000e+00  1.80000000e+00  1.80000000e+00  0.00000000e+00  1.80000000e+00  0.00000000e+00  1.80000000e+00  3.59963355e-01  3.44917446e-09  3.34172817e-09 
 9.07862735e-01  3.59963328e-01  4.45364608e-08  4.29573063e-08  0.00000000e+00  1.80000000e+00  1.80000000e+00  0.00000000e+00  1.80000000e+00  1.80000000e+00  0.00000000e+00  3.37249349e-09  3.59963331e-01  3.34172816e-09 
 8.95294709e-01  3.59964972e-01  5.24823204e-08  5.07896358e-08  0.00000000e+00  1.80000000e+00  1.80000000e+00  0.00000000e+00  1.80000000e+00  1.80000000e+00  1.80000000e+00  3.59964974e-01  3.59964974e-01  3.34172821e-09 
 9.24478583e-01  3.59961808e-01  3.54384945e-08  3.39977370e-08  0.00000000e+00  1.80000000e+00  1.80000000e+00  1.80000000e+00  0.00000000e+00  0.00000000e+00  0.00000000e+00  3.37249346e-09  3.44917438e-09  3.34172814e-09 
 9.08423692e-01  3.59963466e-01  4.42066395e-08  4.26313387e-08  0.00000000e+00  1.80000000e+00  1.80000000e+00  1.80000000e+00  0.00000000e+00  0.00000000e+00  1.80000000e+00  3.59963468e-01  3.44917445e-09  3.34172816e-09 
 9.08109291e-01  3.59963462e-01  4.43929091e-08  4.28154823e-08  0.00000000e+00  1.80000000e+00  1.80000000e+00  1.80000000e+00  0.00000000e+00  1.80000000e+00  0.00000000e+00  3.37249349e-09  3.59963465e-01  3.34172816e-09 
 8.95494747e-01  3.59965116e-01  5.23506464e-08  5.06596561e-08  0.00000000e+00  1.80000000e+00  1.80000000e+00  1.80000000e+00  0.00000000e+00  1.80000000e+00  1.80000000e+00  3.59965119e-01  3.59965119e-01  3.34172821e-09 
 9.08106208e-01  3.59963413e-01  4.43956966e-08  4.28183803e-08  0.00000000e+00  1.80000000e+00  1.80000000e+00  1.80000000e+00  1.80000000e+00  0.00000000e+00  0.00000000e+00  3.37249355e-09  3.44917440e-09  3.34172816e-09 
 8.95492236e-01  3.59965044e-01  5.23533492e-08  5.06624601e-08  0.00000000e+00  1.80000000e+00  1.80000000e+00  1.80000000e+00  1.80000000e+00  0.00000000e+00  1.80000000e+00  3.59965046e-01  3.44917444e-09  3.34172821e-09 
 8.95238363e-01  3.59965049e-01  5.25241109e-08  5.08310595e-08  0.00000000e+00  1.80000000e+00  1.80000000e+00  1.80000000e+00  1.80000000e+00  1.80000000e+00  0.00000000e+00  3.37249361e-09  3.59965051e-01  3.34172821e-09 
 8.84859592e-01  3.59966571e-01  5.98483591e-08  5.80545380e-08  0.00000000e+00  1.80000000e+00  1.80000000e+00  1.80000000e+00  1.80000000e+00  1.80000000e+00  1.80000000e+00  3.59966573e-01  3.59966573e-01  3.34172827e-09 
 9.84743846e-01  3.59958364e-01  1.34172105e-08  1.24341802e-08  1.80000000e+00  0.00000000e+00  0.00000000e+00  0.00000000e+00  0.00000000e+00  0.00000000e+00  0.00000000e+00  3.37249332e-09  3.44917432e-09  3.59958366e-01 
 9.48368303e-01  3.59960027e-01  2.48381021e-08  2.35820832e-08  1.80000000e+00  0.00000000e+00  0.00000000e+00  0.00000000e+00  0.00000000e+00  0.00000000e+00  1.80000000e+00  3.59960029e-01  3.44917437e-09  3.59960029e-01 
 9.47762204e-01  3.59959991e-01  2.50750520e-08  2.38141291e-08  1.80000000e+00  0.00000000e+00  0.00000000e+00  0.00000000e+00  0.00000000e+00  1.80000000e+00  0.00000000e+00  3.37249338e-09  3.59959994e-01  3.59959994e-01 
 9.25446214e-01  3.59961763e-01  3.49594862e-08  3.35262729e-08  1.80000000e+00  0.00000000e+00  0.00000000e+00  0.00000000e+00  0.00000000e+00  1.80000000e+00  1.80000000e+00  3.59961765e-01  3.59961765e-01  3.59961765e-01 
 9.47755981e-01  3.59960153e-01  2.50789173e-08  2.38176049e-08  1.80000000e+00  0.00000000e+00  0.00000000e+00  0.00000000e+00  1.80000000e+00  0.00000000e+00  0.00000000e+00  3.37249338e-09  3.44917437e-09  3.59960155e-01 
 9.25442075e-01  3.59961722e-01  3.49630406e-08  3.35293989e-08  1.80000000e+00  0.00000000e+00  0.00000000e+00  0.00000000e+00  1.80000000e+00  0.00000000e+00  1.80000000e+00  3.59961724e-01  3.44917438e-09  3.59961724e-01 
 9.25026017e-01  3.59961703e-01  3.51706171e-08  3.37342502e-08  1.80000000e+00  0.00000000e+00  0.00000000e+00  0.00000000e+00  1.80000000e+00  1.80000000e+00  0.00000000e+00  3.37249344e-09  3.59961705e-01  3.59961705e-01 
 9.08843577e-01  3.59963226e-01  4.39651449e-08  4.23942540e-08  1.80000000e+00  0.00000000e+00  0.00000000e+00  0.00000000e+00  1.80000000e+00  1.80000000e+00  1.80000000e+00  3.59963228e-01  3.59963228e-01  3.59963228e-01 
 9.48233275e-01  3.59960101e-01  2.48950292e-08  2.36372712e-08  1.80000000e+00  0.00000000e+00  0.00000000e+00  1.80000000e+00  0.00000000e+00  0.00000000e+00  0.00000000e+00  3.37249338e-09  3.44917437e-09  3.59960103e-01 
 9.25771790e-01  3.59961819e-01  3.48011624e-08  3.33703849e-08  1.80000000e+00  0.00000000e+00  0.00000000e+00  1.80000000e+00  0.00000000e+00  0.00000000e+00  1.80000000e+00  3.59961821e-01  3.44917442e-09  3.59961821e-01 
 9.25353553e-01  3.59961770e-01  3.50098553e-08  3.35755436e-08  1.80000000e+00  0.00000000e+00  0.00000000e+00  1.80000000e+00  0.00000000e+00  1.80000000e+00  0.00000000e+00  3.37249344e-09  3.59961772e-01  3.59961772e-01 
 9.09094026e-01  3.59963489e-01  4.38202410e-08  4.22515346e-08  1.80000000e+00  0.00000000e+00  0.00000000e+00  1.80000000e+00  0.00000000e+00  1.80000000e+00  1.80000000e+00  3.59963492e-01  3.59963492e-01  3.59963492e-01 
 9.25349485e-01  3.59961783e-01  3.50127485e-08  3.35788627e-08  1.80000000e+00  0.00000000e+00  0.00000000e+00  1.80000000e+00  1.80000000e+00  0.00000000e+00  0.00000000e+00  3.37249343e-09  3.44917435e-09  3.59961785e-01 
 9.09090767e-01  3.59963501e-01  4.38233745e-08  4.22545628e-08  1.80000000e+00  0.00000000e+00  0.00000000e+00  1.80000000e+00  1.80000000e+00  0.00000000e+00  1.80000000e+00  3.59963503e-01  3.44917440e-09  3.59963503e-01 
 9.08773101e-01  3.59963403e-01  4.40105462e-08  4.24392580e-08  1.80000000e+00  0.00000000e+00  0.00000000e+00  1.80000000e+00  1.80000000e+00  1.80000000e+00  0.00000000e+00  3.37249349e-09  3.59963405e-01  3.59963405e-01 
 8.96032617e-01  3.59965048e-01  5.20014981e-08  5.03159031e-08  1.80000000e+00  0.00000000e+00  0.00000000e+00  1.80000000e+00  1.80000000e+00  1.80000000e+00  1.80000000e+00  3.59965051e-01  3.59965051e-01  3.59965051e-01 
 9.47944192e-01  3.59960030e-01  2.50119697e-08  2.37520927e-08  1.80000000e+00  0.00000000e+00  1.80000000e+00  0.00000000e+00  0.00000000e+00  0.00000000e+00  0.00000000e+00  3.37249338e-09  3.44917431e-09  3.59960032e-01 
 9.25572171e-01  3.59961733e-01  3.49053800e-08  3.34725216e-08  1.80000000e+00  0.00000000e+00  1.80000000e+00  0.00000000e+00  0.00000000e+00  0.00000000e+00  1.80000000e+00  3.59961736e-01  3.44917441e-09  3.59961735e-01 
 9.25155258e-01  3.59961766e-01  3.51126077e-08  3.36774602e-08  1.80000000e+00  0.00000000e+00  1.80000000e+00  0.00000000e+00  0.00000000e+00  1.80000000e+00  0.00000000e+00  3.37249344e-09  3.59961769e-01  3.59961769e-01 
 9.08942536e-01  3.59963331e-01  4.39158997e-08  4.23441502e-08  1.80000000e+00  0.00000000e+00  1.80000000e+00  0.00000000e+00  0.00000000e+00  1.80000000e+00  1.80000000e+00  3.59963333e-01  3.59963334e-01  3.59963333e-01 
 9.25150900e-01  3.59961832e-01  3.51163311e-08  3.36806741e-08  1.80000000e+00  0.00000000e+00  1.80000000e+00  0.00000000e+00  1.80000000e+00  0.00000000e+00  0.00000000e+00  3.37249344e-09  3.44917442e-09  3.59961834e-01 
 9.08939183e-01  3.59963421e-01  4.39171780e-08  4.23470758e-08  1.80000000e+00  0.00000000e+00  1.80000000e+00  0.00000000e+00  1.80000000e+00  0.00000000e+00  1.80000000e+00  3.59963424e-01  3.44917445e-09  3.59963424e-01 
 9.08622054e-01  3.59963407e-01  4.41048945e-08  4.25315968e-08  1.80000000e+00  0.00000000e+00  1.80000000e+00  0.00000000e+00  1.80000000e+00  1.80000000e+00  0.00000000e+00  3.37249349e-09  3.59963409e-01  3.59963409e-01 
 8.95910393e-01  3.59965043e-01  5.20886743e-08  5.04009313e-08  1.80000000e+00  0.00000000e+00  1.80000000e+00  0.00000000e+00  1.80000000e+00  1.80000000e+00  1.80000000e+00  3.59965046e-01  3.59965046e-01  3.59965046e-01 
 9.25479131e-01  3.59961850e-01  3.49554786e-08  3.35218706e-08  1.80000000e+00  0.00000000e+00  1.80000000e+00  1.80000000e+00  0.00000000e+00  0.00000000e+00  0.00000000e+00  3.37249344e-09  3.44917442e-09  3.59961852e-01 
 9.09190134e-01  3.59963581e-01  4.37719680e-08  4.22041854e-08  1.80000000e+00  0.00000000e+00  1.80000000e+00  1.80000000e+00  0.00000000e+00  0.00000000e+00  1.80000000e+00  3.59963584e-01  3.44917446e-09  3.59963584e-01 
 9.08871705e-01  3.59963463e-01  4.39598165e-08  4.23888972e-08  1.80000000e+00  0.00000000e+00  1.80000000e+00  1.80000000e+00  0.00000000e+00  1.80000000e+00  0.00000000e+00  3.37249349e-09  3.59963466e-01  3.59963466e-01 
 8.96112601e-01  3.59965073e-01  5.19555846e-08  5.02703929e-08  1.80000000e+00  0.00000000e+00  1.80000000e+00  1.80000000e+00  0.00000000e+00  1.80000000e+00  1.80000000e+00  3.59965075e-01  3.59965075e-01  3.59965075e-01 
 9.08868550e-01  3.59963493e-01  4.39627019e-08  4.23919963e-08  1.80000000e+00  0.00000000e+00  1.80000000e+00  1.80000000e+00  1.80000000e+00  0.00000000e+00  0.00000000e+00  3.37249349e-09  3.44917446e-09  3.59963495e-01 
 8.96109977e-01  3.59965114e-01  5.19589387e-08  5.02733566e-08  1.80000000e+00  0.00000000e+00  1.80000000e+00  1.80000000e+00  1.80000000e+00  0.00000000e+00  1.80000000e+00  3.59965117e-01  3.44917444e-09  3.59965117e-01 
 8.95853646e-01  3.59965027e-01  5.21306126e-08  5.04423841e-08  1.80000000e+00  0.00000000e+00  1.80000000e+00  1.80000000e+00  1.80000000e+00  1.80000000e+00  0.00000000e+00  3.37249360e-09  3.59965029e-01  3.59965029e-01 
 8.85376417e-01  3.59966599e-01  5.94846892e-08  5.76959258e-08  1.80000000e+00  0.00000000e+00  1.80000000e+00  1.80000000e+00  1.80000000e+00  1.80000000e+00  1.80000000e+00  3.59966601e-01  3.59966601e-01  3.59966601e-01 
 9.46940837e-01  3.59960026e-01  2.54155804e-08  2.41474754e-08  1.80000000e+00  1.80000000e+00  0.00000000e+00  0.00000000e+00  0.00000000e+00  0.00000000e+00  0.00000000e+00  3.37249338e-09  3.44917437e-09  3.59960028e-01 
 9.24876582e-01  3.59961735e-01  3.52619414e-08  3.38235539e-08  1.80000000e+00  1.80000000e+00  0.00000000e+00  0.00000000e+00  0.00000000e+00  0.00000000e+00  1.80000000e+00  3.59961737e-01  3.44917435e-09  3.59961737e-01 
 9.24464373e-01  3.59961724e-01  3.54690427e-08  3.40277724e-08  1.80000000e+00  1.80000000e+00  0.00000000e+00  0.00000000e+00  0.00000000e+00  1.80000000e+00  0.00000000e+00  3.37249344e-09  3.59961727e-01  3.59961726e-01 
 9.08413016e-01  3.59963347e-01  4.42365906e-08  4.26613419e-08  1.80000000e+00  1.80000000e+00  0.00000000e+00  0.00000000e+00  0.00000000e+00  1.80000000e+00  1.80000000e+00  3.59963350e-01  3.59963350e-01  3.59963350e-01 
 9.24460122e-01  3.59961734e-01  3.54723891e-08  3.40310723e-08  1.80000000e+00  1.80000000e+00  0.00000000e+00  0.00000000e+00  1.80000000e+00  0.00000000e+00  0.00000000e+00  3.37249344e-09  3.44917436e-09  3.59961736e-01 
 9.08409665e-01  3.59963416e-01  4.42401024e-08  4.26644590e-08  1.80000000e+00  1.80000000e+00  0.00000000e+00  0.00000000e+00  1.80000000e+00  0.00000000e+00  1.80000000e+00  3.59963419e-01  3.44917441e-09  3.59963419e-01 
 9.08095651e-01  3.59963233e-01  4.44263025e-08  4.28483402e-08  1.80000000e+00  1.80000000e+00  0.00000000e+00  0.00000000e+00  1.80000000e+00  1.80000000e+00  0.00000000e+00  3.37249348e-09  3.59963236e-01  3.59963236e-01 
 8.95483775e-01  3.59964943e-01  5.23846598e-08  5.06929452e-08  1.80000000e+00  1.80000000e+00  0.00000000e+00  0.00000000e+00  1.80000000e+00  1.80000000e+00  1.80000000e+00  3.59964945e-01  3.59964945e-01  3.59964945e-01 
 9.24784689e-01  3.59961776e-01  3.53118001e-08  3.38727477e-08  1.80000000e+00  1.80000000e+00  0.00000000e+00  1.80000000e+00  0.00000000e+00  0.00000000e+00  0.00000000e+00  3.37249344e-09  3.44917442e-09  3.59961778e-01 
 9.08658563e-01  3.59963508e-01  4.40948796e-08  4.25219537e-08  1.80000000e+00  1.80000000e+00  0.00000000e+00  1.80000000e+00  0.00000000e+00  0.00000000e+00  1.80000000e+00  3.59963510e-01  3.44917446e-09  3.59963510e-01 
 9.08342888e-01  3.59963445e-01  4.42822486e-08  4.27063318e-08  1.80000000e+00  1.80000000e+00  0.00000000e+00  1.80000000e+00  0.00000000e+00  1.80000000e+00  0.00000000e+00  3.37249349e-09  3.59963448e-01  3.59963448e-01 
 8.95684445e-01  3.59964986e-01  5.22516986e-08  5.05623411e-08  1.80000000e+00  1.80000000e+00  0.00000000e+00  1.80000000e+00  0.00000000e+00  1.80000000e+00  1.80000000e+00  3.59964988e-01  3.59964988e-01  3.59964988e-01 
 9.08339901e-01  3.59963425e-01  4.42849885e-08  4.27092790e-08  1.80000000e+00  1.80000000e+00  0.00000000e+00  1.80000000e+00  1.80000000e+00  0.00000000e+00  0.00000000e+00  3.37249349e-09  3.44917440e-09  3.59963427e-01 
 8.95681843e-01  3.59964993e-01  5.22547953e-08  5.05651300e-08  1.80000000e+00  1.80000000e+00  0.00000000e+00  1.80000000e+00  1.80000000e+00  0.00000000e+00  1.80000000e+00  3.59964996e-01  3.44917444e-09  3.59964996e-01 
 8.95427223e-01  3.59964987e-01  5.24255691e-08  5.07340151e-08  1.80000000e+00  1.80000000e+00  0.00000000e+00  1.80000000e+00  1.80000000e+00  1.80000000e+00  0.00000000e+00  3.37249360e-09  3.59964990e-01  3.59964990e-01 
 8.85018308e-01  3.59966571e-01  5.97595887e-08  5.79673217e-08  1.80000000e+00  1.80000000e+00  0.00000000e+00  1.80000000e+00  1.80000000e+00  1.80000000e+00  1.80000000e+00  3.59966574e-01  3.59966574e-01  3.59966574e-01 
 9.24588357e-01  3.59961685e-01  3.54149079e-08  3.39742966e-08  1.80000000e+00  1.80000000e+00  1.80000000e+00  0.00000000e+00  0.00000000e+00  0.00000000e+00  0.00000000e+00  3.37249344e-09  3.44917441e-09  3.59961688e-01 
 9.08508088e-01  3.59963401e-01  4.41884730e-08  4.26142691e-08  1.80000000e+00  1.80000000e+00  1.80000000e+00  0.00000000e+00  0.00000000e+00  0.00000000e+00  1.80000000e+00  3.59963403e-01  3.44917445e-09  3.59963403e-01 
 9.08193321e-01  3.59963290e-01  4.43756681e-08  4.27981095e-08  1.80000000e+00  1.80000000e+00  1.80000000e+00  0.00000000e+00  0.00000000e+00  1.80000000e+00  0.00000000e+00  3.37249349e-09  3.59963292e-01  3.59963292e-01 
 8.95562854e-01  3.59965057e-01  5.23378157e-08  5.06473806e-08  1.80000000e+00  1.80000000e+00  1.80000000e+00  0.00000000e+00  0.00000000e+00  1.80000000e+00  1.80000000e+00  3.59965060e-01  3.59965060e-01  3.59965060e-01 
 9.08190127e-01  3.59963390e-01  4.43784954e-08  4.28013552e-08  1.80000000e+00  1.80000000e+00  1.80000000e+00  0.00000000e+00  1.80000000e+00  0.00000000e+00  0.00000000e+00  3.37249349e-09  3.44917440e-09  3.59963393e-01 
 8.95560334e-01  3.59965035e-01  5.23412960e-08  5.06501626e-08  1.80000000e+00  1.80000000e+00  1.80000000e+00  0.00000000e+00  1.80000000e+00  0.00000000e+00  1.80000000e+00  3.59965037e-01  3.44917444e-09  3.59965037e-01 
 8.95306447e-01  3.59964897e-01  5.25118127e-08  5.08185133e-08  1.80000000e+00  1.80000000e+00  1.80000000e+00  0.00000000e+00  1.80000000e+00  1.80000000e+00  0.00000000e+00  3.37249354e-09  3.59964899e-01  3.59964899e-01 
 8.84916708e-01  3.59966530e-01  5.98399766e-08  5.80462444e-08  1.80000000e+00  1.80000000e+00  1.80000000e+00  0.00000000e+00  1.80000000e+00  1.80000000e+00  1.80000000e+00  3.59966533e-01  3.59966533e-01  3.59966532e-01 
 9.08437935e-01  3.59963492e-01  4.42342442e-08  4.26590223e-08  1.80000000e+00  1.80000000e+00  1.80000000e+00  1.80000000e+00  0.00000000e+00  0.00000000e+00  0.00000000e+00  3.37249349e-09  3.44917446e-09  3.59963494e-01 
 8.95761293e-01  3.59965149e-01  5.22086320e-08  5.05200297e-08  1.80000000e+00  1.80000000e+00  1.80000000e+00  1.80000000e+00  0.00000000e+00  0.00000000e+00  1.80000000e+00  3.59965151e-01  3.44917444e-09  3.59965151e-01 
 8.95506408e-01  3.59965081e-01  5.23804619e-08  5.06886277e-08  1.80000000e+00  1.80000000e+00  1.80000000e+00  1.80000000e+00  0.00000000e+00  1.80000000e+00  0.00000000e+00  3.37249355e-09  3.59965083e-01  3.59965083e-01 
 8.85084787e-01  3.59966658e-01  5.97178208e-08  5.79261102e-08  1.80000000e+00  1.80000000e+00  1.80000000e+00  1.80000000e+00  0.00000000e+00  1.80000000e+00  1.80000000e+00  3.59966661e-01  3.59966661e-01  3.59966660e-01 
 8.95503828e-01  3.59965046e-01  5.23829592e-08  5.06915944e-08  1.80000000e+00  1.80000000e+00  1.80000000e+00  1.80000000e+00  1.80000000e+00  0.00000000e+00  0.00000000e+00  3.37249355e-09  3.44917444e-09  3.59965048e-01 
 8.85082735e-01  3.59966581e-01  5.97206708e-08  5.79287004e-08  1.80000000e+00  1.80000000e+00  1.80000000e+00  1.80000000e+00  1.80000000e+00  0.00000000e+00  1.80000000e+00  3.59966584e-01  3.44917449e-09  3.59966583e-01 
 8.84869431e-01  3.59966538e-01  5.98790656e-08  5.80849143e-08  1.80000000e+00  1.80000000e+00  1.80000000e+00  1.80000000e+00  1.80000000e+00  1.80000000e+00  0.00000000e+00  3.37249367e-09  3.59966541e-01  3.59966541e-01 
 8.76029175e-01  3.59968377e-01  6.67027389e-08  6.48180846e-08  1.80000000e+00  1.80000000e+00  1.80000000e+00  1.80000000e+00  1.80000000e+00  1.80000000e+00  1.80000000e+00  3.59968379e-01  3.59968379e-01  3.59968379e-01 
