 b0              v(Vbn)          i(Vout)         i(Vout1)        v(b6)           v(b5)           v(b4)           v(b3)           v(b2)           v(b1)           v(b0)           v(b0out)        v(b1out)        v(b6out)       
 0.00000000e+00  4.03482093e-01  7.85059868e-12  8.58335625e-12  0.00000000e+00  0.00000000e+00  0.00000000e+00  0.00000000e+00  0.00000000e+00  0.00000000e+00  0.00000000e+00  3.36767037e-09  3.35143193e-09  3.29827078e-09 
 1.80000000e+00  4.03483273e-01  4.48364986e-10  9.90340254e-10  0.00000000e+00  0.00000000e+00  0.00000000e+00  0.00000000e+00  0.00000000e+00  0.00000000e+00  1.80000000e+00  4.03483275e-01  3.35143206e-09  3.29827087e-09 
 0.00000000e+00  4.03483356e-01  1.08639957e-09  2.01531236e-09  0.00000000e+00  0.00000000e+00  0.00000000e+00  0.00000000e+00  0.00000000e+00  1.80000000e+00  0.00000000e+00  3.36767040e-09  4.03483358e-01  3.29827087e-09 
 1.80000000e+00  4.03484549e-01  1.81449669e-09  3.02850367e-09  0.00000000e+00  0.00000000e+00  0.00000000e+00  0.00000000e+00  0.00000000e+00  1.80000000e+00  1.80000000e+00  4.03484551e-01  4.03484551e-01  3.29827091e-09 
 0.00000000e+00  4.03483273e-01  2.74957824e-09  4.22623714e-09  0.00000000e+00  0.00000000e+00  0.00000000e+00  0.00000000e+00  1.80000000e+00  0.00000000e+00  0.00000000e+00  3.36767040e-09  3.35143206e-09  3.29827087e-09 
 1.80000000e+00  4.03484496e-01  3.59515030e-09  5.25608357e-09  0.00000000e+00  0.00000000e+00  0.00000000e+00  0.00000000e+00  1.80000000e+00  0.00000000e+00  1.80000000e+00  4.03484498e-01  3.35143214e-09  3.29827096e-09 
 0.00000000e+00  4.03484541e-01  4.45760171e-09  6.27510133e-09  0.00000000e+00  0.00000000e+00  0.00000000e+00  0.00000000e+00  1.80000000e+00  1.80000000e+00  0.00000000e+00  3.36767044e-09  4.03484544e-01  3.29827098e-09 
 1.80000000e+00  4.03485728e-01  5.34767758e-09  7.30368299e-09  0.00000000e+00  0.00000000e+00  0.00000000e+00  0.00000000e+00  1.80000000e+00  1.80000000e+00  1.80000000e+00  4.03485730e-01  4.03485730e-01  3.29827105e-09 
 0.00000000e+00  4.03483283e-01  6.70012098e-09  8.83609630e-09  0.00000000e+00  0.00000000e+00  0.00000000e+00  1.80000000e+00  0.00000000e+00  0.00000000e+00  0.00000000e+00  3.36767039e-09  3.35143206e-09  3.29827087e-09 
 1.80000000e+00  4.03484459e-01  7.63895268e-09  9.88428894e-09  0.00000000e+00  0.00000000e+00  0.00000000e+00  1.80000000e+00  0.00000000e+00  0.00000000e+00  1.80000000e+00  4.03484461e-01  3.35143214e-09  3.29827097e-09 
 0.00000000e+00  4.03484570e-01  8.56459726e-09  1.09086784e-08  0.00000000e+00  0.00000000e+00  0.00000000e+00  1.80000000e+00  0.00000000e+00  1.80000000e+00  0.00000000e+00  3.36767043e-09  4.03484572e-01  3.29827097e-09 
 1.80000000e+00  4.03485800e-01  9.51628789e-09  1.19542847e-08  0.00000000e+00  0.00000000e+00  0.00000000e+00  1.80000000e+00  0.00000000e+00  1.80000000e+00  1.80000000e+00  4.03485802e-01  4.03485802e-01  3.29827100e-09 
 0.00000000e+00  4.03484473e-01  1.05643000e-08  1.30980737e-08  0.00000000e+00  0.00000000e+00  0.00000000e+00  1.80000000e+00  1.80000000e+00  0.00000000e+00  0.00000000e+00  3.36767048e-09  3.35143219e-09  3.29827095e-09 
 1.80000000e+00  4.03485743e-01  1.15276528e-08  1.41438505e-08  0.00000000e+00  0.00000000e+00  0.00000000e+00  1.80000000e+00  1.80000000e+00  0.00000000e+00  1.80000000e+00  4.03485745e-01  3.35143227e-09  3.29827105e-09 
 0.00000000e+00  4.03485794e-01  1.24682067e-08  1.51607793e-08  0.00000000e+00  0.00000000e+00  0.00000000e+00  1.80000000e+00  1.80000000e+00  1.80000000e+00  0.00000000e+00  3.36767048e-09  4.03485796e-01  3.29827107e-09 
 1.80000000e+00  4.03486948e-01  1.34384498e-08  1.62057603e-08  0.00000000e+00  0.00000000e+00  0.00000000e+00  1.80000000e+00  1.80000000e+00  1.80000000e+00  1.80000000e+00  4.03486950e-01  4.03486950e-01  3.29827115e-09 
 0.00000000e+00  4.03483292e-01  1.36391513e-08  1.64213105e-08  0.00000000e+00  0.00000000e+00  1.80000000e+00  0.00000000e+00  0.00000000e+00  0.00000000e+00  0.00000000e+00  3.36767040e-09  3.35143201e-09  3.29827087e-09 
 1.80000000e+00  4.03484479e-01  1.46325448e-08  1.74875083e-08  0.00000000e+00  0.00000000e+00  1.80000000e+00  0.00000000e+00  0.00000000e+00  0.00000000e+00  1.80000000e+00  4.03484481e-01  3.35143213e-09  3.29827096e-09 
 0.00000000e+00  4.03484614e-01  1.55894015e-08  1.85114573e-08  0.00000000e+00  0.00000000e+00  1.80000000e+00  0.00000000e+00  0.00000000e+00  1.80000000e+00  0.00000000e+00  3.36767043e-09  4.03484616e-01  3.29827097e-09 
 1.80000000e+00  4.03485752e-01  1.65747407e-08  1.95635437e-08  0.00000000e+00  0.00000000e+00  1.80000000e+00  0.00000000e+00  0.00000000e+00  1.80000000e+00  1.80000000e+00  4.03485754e-01  4.03485754e-01  3.29827106e-09 
 0.00000000e+00  4.03484512e-01  1.76508107e-08  2.07097628e-08  0.00000000e+00  0.00000000e+00  1.80000000e+00  0.00000000e+00  1.80000000e+00  0.00000000e+00  0.00000000e+00  3.36767048e-09  3.35143214e-09  3.29827096e-09 
 1.80000000e+00  4.03485681e-01  1.86517850e-08  2.17736300e-08  0.00000000e+00  0.00000000e+00  1.80000000e+00  0.00000000e+00  1.80000000e+00  0.00000000e+00  1.80000000e+00  4.03485683e-01  3.35143232e-09  3.29827105e-09 
 0.00000000e+00  4.03485832e-01  1.96095446e-08  2.27903172e-08  0.00000000e+00  0.00000000e+00  1.80000000e+00  0.00000000e+00  1.80000000e+00  1.80000000e+00  0.00000000e+00  3.36767051e-09  4.03485834e-01  3.29827106e-09 
 1.80000000e+00  4.03486967e-01  2.05966002e-08  2.38362361e-08  0.00000000e+00  0.00000000e+00  1.80000000e+00  0.00000000e+00  1.80000000e+00  1.80000000e+00  1.80000000e+00  4.03486970e-01  4.03486969e-01  3.29827115e-09 
 0.00000000e+00  4.03484571e-01  2.19261921e-08  2.52427128e-08  0.00000000e+00  0.00000000e+00  1.80000000e+00  1.80000000e+00  0.00000000e+00  0.00000000e+00  0.00000000e+00  3.36767043e-09  3.35143221e-09  3.29827097e-09 
 1.80000000e+00  4.03485734e-01  2.29377951e-08  2.63117101e-08  0.00000000e+00  0.00000000e+00  1.80000000e+00  1.80000000e+00  0.00000000e+00  0.00000000e+00  1.80000000e+00  4.03485736e-01  3.35143234e-09  3.29827106e-09 
 0.00000000e+00  4.03485784e-01  2.39000259e-08  2.73272036e-08  0.00000000e+00  0.00000000e+00  1.80000000e+00  1.80000000e+00  0.00000000e+00  1.80000000e+00  0.00000000e+00  3.36767046e-09  4.03485786e-01  3.29827106e-09 
 1.80000000e+00  4.03487052e-01  2.49094140e-08  2.83915256e-08  0.00000000e+00  0.00000000e+00  1.80000000e+00  1.80000000e+00  0.00000000e+00  1.80000000e+00  1.80000000e+00  4.03487054e-01  4.03487054e-01  3.29827115e-09 
 0.00000000e+00  4.03485766e-01  2.59694089e-08  2.95080582e-08  0.00000000e+00  0.00000000e+00  1.80000000e+00  1.80000000e+00  1.80000000e+00  0.00000000e+00  0.00000000e+00  3.36767046e-09  3.35143233e-09  3.29827105e-09 
 1.80000000e+00  4.03486938e-01  2.69840734e-08  3.05758903e-08  0.00000000e+00  0.00000000e+00  1.80000000e+00  1.80000000e+00  1.80000000e+00  0.00000000e+00  1.80000000e+00  4.03486940e-01  3.35143242e-09  3.29827111e-09 
 0.00000000e+00  4.03487057e-01  2.79456987e-08  3.15867368e-08  0.00000000e+00  0.00000000e+00  1.80000000e+00  1.80000000e+00  1.80000000e+00  1.80000000e+00  0.00000000e+00  3.36767049e-09  4.03487059e-01  3.29827115e-09 
 1.80000000e+00  4.03488211e-01  2.89506601e-08  3.26426601e-08  0.00000000e+00  0.00000000e+00  1.80000000e+00  1.80000000e+00  1.80000000e+00  1.80000000e+00  1.80000000e+00  4.03488213e-01  4.03488213e-01  3.29827124e-09 
 0.00000000e+00  4.03483293e-01  3.18500507e-08  3.56847352e-08  0.00000000e+00  1.80000000e+00  0.00000000e+00  0.00000000e+00  0.00000000e+00  0.00000000e+00  0.00000000e+00  3.36767040e-09  3.35143207e-09  3.29827087e-09 
 1.80000000e+00  4.03484471e-01  3.28790988e-08  3.67633675e-08  0.00000000e+00  1.80000000e+00  0.00000000e+00  0.00000000e+00  0.00000000e+00  0.00000000e+00  1.80000000e+00  4.03484473e-01  3.35143219e-09  3.29827096e-09 
 0.00000000e+00  4.03484563e-01  3.38480506e-08  3.77782925e-08  0.00000000e+00  1.80000000e+00  0.00000000e+00  0.00000000e+00  0.00000000e+00  1.80000000e+00  0.00000000e+00  3.36767043e-09  4.03484565e-01  3.29827097e-09 
 1.80000000e+00  4.03485733e-01  3.48599070e-08  3.88378965e-08  0.00000000e+00  1.80000000e+00  0.00000000e+00  0.00000000e+00  0.00000000e+00  1.80000000e+00  1.80000000e+00  4.03485735e-01  4.03485735e-01  3.29827099e-09 
 0.00000000e+00  4.03484439e-01  3.59362586e-08  3.99640214e-08  0.00000000e+00  1.80000000e+00  0.00000000e+00  0.00000000e+00  1.80000000e+00  0.00000000e+00  0.00000000e+00  3.36767042e-09  3.35143219e-09  3.29827096e-09 
 1.80000000e+00  4.03485668e-01  3.69559963e-08  4.10307166e-08  0.00000000e+00  1.80000000e+00  0.00000000e+00  0.00000000e+00  1.80000000e+00  0.00000000e+00  1.80000000e+00  4.03485670e-01  3.35143227e-09  3.29827106e-09 
 0.00000000e+00  4.03485779e-01  3.79234276e-08  4.20422168e-08  0.00000000e+00  1.80000000e+00  0.00000000e+00  0.00000000e+00  1.80000000e+00  1.80000000e+00  0.00000000e+00  3.36767051e-09  4.03485781e-01  3.29827106e-09 
 1.80000000e+00  4.03486922e-01  3.89325431e-08  4.30968186e-08  0.00000000e+00  1.80000000e+00  0.00000000e+00  0.00000000e+00  1.80000000e+00  1.80000000e+00  1.80000000e+00  4.03486924e-01  4.03486924e-01  3.29827114e-09 
 0.00000000e+00  4.03484519e-01  4.02807090e-08  4.45054411e-08  0.00000000e+00  1.80000000e+00  0.00000000e+00  1.80000000e+00  0.00000000e+00  0.00000000e+00  0.00000000e+00  3.36767048e-09  3.35143220e-09  3.29827096e-09 
 1.80000000e+00  4.03485677e-01  4.13188676e-08  4.55896583e-08  0.00000000e+00  1.80000000e+00  0.00000000e+00  1.80000000e+00  0.00000000e+00  0.00000000e+00  1.80000000e+00  4.03485679e-01  3.35143226e-09  3.29827105e-09 
 0.00000000e+00  4.03485780e-01  4.22908542e-08  4.66045407e-08  0.00000000e+00  1.80000000e+00  0.00000000e+00  1.80000000e+00  0.00000000e+00  1.80000000e+00  0.00000000e+00  3.36767046e-09  4.03485782e-01  3.29827106e-09 
 1.80000000e+00  4.03487015e-01  4.33157620e-08  4.76741633e-08  0.00000000e+00  1.80000000e+00  0.00000000e+00  1.80000000e+00  0.00000000e+00  1.80000000e+00  1.80000000e+00  4.03487017e-01  4.03487017e-01  3.29827115e-09 
 0.00000000e+00  4.03485760e-01  4.43718362e-08  4.87758314e-08  0.00000000e+00  1.80000000e+00  0.00000000e+00  1.80000000e+00  1.80000000e+00  0.00000000e+00  0.00000000e+00  3.36767046e-09  3.35143233e-09  3.29827105e-09 
 1.80000000e+00  4.03486953e-01  4.53938318e-08  4.98420007e-08  0.00000000e+00  1.80000000e+00  0.00000000e+00  1.80000000e+00  1.80000000e+00  0.00000000e+00  1.80000000e+00  4.03486955e-01  3.35143240e-09  3.29827115e-09 
 0.00000000e+00  4.03487025e-01  4.63529699e-08  5.08420044e-08  0.00000000e+00  1.80000000e+00  0.00000000e+00  1.80000000e+00  1.80000000e+00  1.80000000e+00  0.00000000e+00  3.36767054e-09  4.03487027e-01  3.29827115e-09 
 1.80000000e+00  4.03488208e-01  4.73630711e-08  5.18951992e-08  0.00000000e+00  1.80000000e+00  0.00000000e+00  1.80000000e+00  1.80000000e+00  1.80000000e+00  1.80000000e+00  4.03488210e-01  4.03488210e-01  3.29827124e-09 
 0.00000000e+00  4.03484520e-01  4.73691423e-08  5.19011962e-08  0.00000000e+00  1.80000000e+00  1.80000000e+00  0.00000000e+00  0.00000000e+00  0.00000000e+00  0.00000000e+00  3.36767043e-09  3.35143220e-09  3.29827096e-09 
 1.80000000e+00  4.03485699e-01  4.84113339e-08  5.29874029e-08  0.00000000e+00  1.80000000e+00  1.80000000e+00  0.00000000e+00  0.00000000e+00  0.00000000e+00  1.80000000e+00  4.03485701e-01  3.35143232e-09  3.29827105e-09 
 0.00000000e+00  4.03485757e-01  4.93800827e-08  5.39971694e-08  0.00000000e+00  1.80000000e+00  1.80000000e+00  0.00000000e+00  0.00000000e+00  1.80000000e+00  0.00000000e+00  3.36767051e-09  4.03485759e-01  3.29827105e-09 
 1.80000000e+00  4.03487006e-01  5.04051105e-08  5.50652857e-08  0.00000000e+00  1.80000000e+00  1.80000000e+00  0.00000000e+00  0.00000000e+00  1.80000000e+00  1.80000000e+00  4.03487008e-01  4.03487008e-01  3.29827115e-09 
 0.00000000e+00  4.03485741e-01  5.14534370e-08  5.61569777e-08  0.00000000e+00  1.80000000e+00  1.80000000e+00  0.00000000e+00  1.80000000e+00  0.00000000e+00  0.00000000e+00  3.36767046e-09  3.35143232e-09  3.29827105e-09 
 1.80000000e+00  4.03486918e-01  5.24906101e-08  5.72368890e-08  0.00000000e+00  1.80000000e+00  1.80000000e+00  0.00000000e+00  1.80000000e+00  0.00000000e+00  1.80000000e+00  4.03486920e-01  3.35143240e-09  3.29827114e-09 
 0.00000000e+00  4.03486958e-01  5.34589956e-08  5.82453339e-08  0.00000000e+00  1.80000000e+00  1.80000000e+00  0.00000000e+00  1.80000000e+00  1.80000000e+00  0.00000000e+00  3.36767049e-09  4.03486960e-01  3.29827115e-09 
 1.80000000e+00  4.03488153e-01  5.44813444e-08  5.93095564e-08  0.00000000e+00  1.80000000e+00  1.80000000e+00  0.00000000e+00  1.80000000e+00  1.80000000e+00  1.80000000e+00  4.03488155e-01  4.03488155e-01  3.29827123e-09 
 0.00000000e+00  4.03485756e-01  5.57608323e-08  6.06411703e-08  0.00000000e+00  1.80000000e+00  1.80000000e+00  1.80000000e+00  0.00000000e+00  0.00000000e+00  0.00000000e+00  3.36767046e-09  3.35143233e-09  3.29827105e-09 
 1.80000000e+00  4.03486944e-01  5.68053762e-08  6.17280165e-08  0.00000000e+00  1.80000000e+00  1.80000000e+00  1.80000000e+00  0.00000000e+00  0.00000000e+00  1.80000000e+00  4.03486946e-01  3.35143246e-09  3.29827114e-09 
 0.00000000e+00  4.03487012e-01  5.77722375e-08  6.27337471e-08  0.00000000e+00  1.80000000e+00  1.80000000e+00  1.80000000e+00  0.00000000e+00  1.80000000e+00  0.00000000e+00  3.36767054e-09  4.03487015e-01  3.29827115e-09 
 1.80000000e+00  4.03488187e-01  5.88025235e-08  6.38057998e-08  0.00000000e+00  1.80000000e+00  1.80000000e+00  1.80000000e+00  0.00000000e+00  1.80000000e+00  1.80000000e+00  4.03488189e-01  4.03488189e-01  3.29827124e-09 
 0.00000000e+00  4.03487003e-01  5.98372864e-08  6.48817888e-08  0.00000000e+00  1.80000000e+00  1.80000000e+00  1.80000000e+00  1.80000000e+00  0.00000000e+00  0.00000000e+00  3.36767049e-09  3.35143246e-09  3.29827115e-09 
 1.80000000e+00  4.03488119e-01  6.08726785e-08  6.59586590e-08  0.00000000e+00  1.80000000e+00  1.80000000e+00  1.80000000e+00  1.80000000e+00  0.00000000e+00  1.80000000e+00  4.03488121e-01  3.35143258e-09  3.29827124e-09 
 0.00000000e+00  4.03488242e-01  6.18343677e-08  6.69585063e-08  0.00000000e+00  1.80000000e+00  1.80000000e+00  1.80000000e+00  1.80000000e+00  1.80000000e+00  0.00000000e+00  3.36767052e-09  4.03488244e-01  3.29827124e-09 
 1.80000000e+00  4.03489409e-01  6.28577198e-08  6.80226009e-08  0.00000000e+00  1.80000000e+00  1.80000000e+00  1.80000000e+00  1.80000000e+00  1.80000000e+00  1.80000000e+00  4.03489411e-01  4.03489411e-01  3.29827133e-09 
 0.00000000e+00  4.03483293e-01  7.01897225e-08  7.56413385e-08  1.80000000e+00  0.00000000e+00  0.00000000e+00  0.00000000e+00  0.00000000e+00  0.00000000e+00  0.00000000e+00  3.36767040e-09  3.35143207e-09  4.03483295e-01 
 1.80000000e+00  4.03484494e-01  7.11837922e-08  7.66738566e-08  1.80000000e+00  0.00000000e+00  0.00000000e+00  0.00000000e+00  0.00000000e+00  0.00000000e+00  1.80000000e+00  4.03484496e-01  3.35143219e-09  4.03484496e-01 
 0.00000000e+00  4.03484573e-01  7.21464989e-08  7.76740308e-08  1.80000000e+00  0.00000000e+00  0.00000000e+00  0.00000000e+00  0.00000000e+00  1.80000000e+00  0.00000000e+00  3.36767043e-09  4.03484575e-01  4.03484575e-01 
 1.80000000e+00  4.03485773e-01  7.31300443e-08  7.86954075e-08  1.80000000e+00  0.00000000e+00  0.00000000e+00  0.00000000e+00  0.00000000e+00  1.80000000e+00  1.80000000e+00  4.03485775e-01  4.03485775e-01  4.03485776e-01 
 0.00000000e+00  4.03484489e-01  7.42284481e-08  7.98359849e-08  1.80000000e+00  0.00000000e+00  0.00000000e+00  0.00000000e+00  1.80000000e+00  0.00000000e+00  0.00000000e+00  3.36767042e-09  3.35143219e-09  4.03484491e-01 
 1.80000000e+00  4.03485667e-01  7.52319903e-08  8.08781380e-08  1.80000000e+00  0.00000000e+00  0.00000000e+00  0.00000000e+00  1.80000000e+00  0.00000000e+00  1.80000000e+00  4.03485669e-01  3.35143232e-09  4.03485669e-01 
 0.00000000e+00  4.03485776e-01  7.61965846e-08  8.18793211e-08  1.80000000e+00  0.00000000e+00  0.00000000e+00  0.00000000e+00  1.80000000e+00  1.80000000e+00  0.00000000e+00  3.36767046e-09  4.03485778e-01  4.03485778e-01 
 1.80000000e+00  4.03486970e-01  7.71866095e-08  8.29074907e-08  1.80000000e+00  0.00000000e+00  0.00000000e+00  0.00000000e+00  1.80000000e+00  1.80000000e+00  1.80000000e+00  4.03486973e-01  4.03486973e-01  4.03486973e-01 
 0.00000000e+00  4.03484542e-01  7.85644991e-08  8.43374863e-08  1.80000000e+00  0.00000000e+00  0.00000000e+00  1.80000000e+00  0.00000000e+00  0.00000000e+00  0.00000000e+00  3.36767048e-09  3.35143220e-09  4.03484544e-01 
 1.80000000e+00  4.03485763e-01  7.95771996e-08  8.53887343e-08  1.80000000e+00  0.00000000e+00  0.00000000e+00  1.80000000e+00  0.00000000e+00  0.00000000e+00  1.80000000e+00  4.03485765e-01  3.35143233e-09  4.03485765e-01 
 0.00000000e+00  4.03485828e-01  8.05426514e-08  8.63910259e-08  1.80000000e+00  0.00000000e+00  0.00000000e+00  1.80000000e+00  0.00000000e+00  1.80000000e+00  0.00000000e+00  3.36767046e-09  4.03485830e-01  4.03485830e-01 
 1.80000000e+00  4.03487043e-01  8.15505591e-08  8.74371011e-08  1.80000000e+00  0.00000000e+00  0.00000000e+00  1.80000000e+00  0.00000000e+00  1.80000000e+00  1.80000000e+00  4.03487045e-01  4.03487045e-01  4.03487045e-01 
 0.00000000e+00  4.03485775e-01  8.26154757e-08  8.85421514e-08  1.80000000e+00  0.00000000e+00  0.00000000e+00  1.80000000e+00  1.80000000e+00  0.00000000e+00  0.00000000e+00  3.36767051e-09  3.35143233e-09  4.03485778e-01 
 1.80000000e+00  4.03486946e-01  8.36240776e-08  8.95889087e-08  1.80000000e+00  0.00000000e+00  0.00000000e+00  1.80000000e+00  1.80000000e+00  0.00000000e+00  1.80000000e+00  4.03486948e-01  3.35143246e-09  4.03486948e-01 
 0.00000000e+00  4.03487016e-01  8.45861440e-08  9.05872497e-08  1.80000000e+00  0.00000000e+00  0.00000000e+00  1.80000000e+00  1.80000000e+00  1.80000000e+00  0.00000000e+00  3.36767049e-09  4.03487018e-01  4.03487018e-01 
 1.80000000e+00  4.03488214e-01  8.55906739e-08  9.16295591e-08  1.80000000e+00  0.00000000e+00  0.00000000e+00  1.80000000e+00  1.80000000e+00  1.80000000e+00  1.80000000e+00  4.03488216e-01  4.03488216e-01  4.03488216e-01 
 0.00000000e+00  4.03484530e-01  8.56744856e-08  9.17165153e-08  1.80000000e+00  0.00000000e+00  1.80000000e+00  0.00000000e+00  0.00000000e+00  0.00000000e+00  0.00000000e+00  3.36767043e-09  3.35143220e-09  4.03484532e-01 
 1.80000000e+00  4.03485757e-01  8.67084066e-08  9.27888948e-08  1.80000000e+00  0.00000000e+00  1.80000000e+00  0.00000000e+00  0.00000000e+00  0.00000000e+00  1.80000000e+00  4.03485759e-01  3.35143233e-09  4.03485759e-01 
 0.00000000e+00  4.03485806e-01  8.76817232e-08  9.37991160e-08  1.80000000e+00  0.00000000e+00  1.80000000e+00  0.00000000e+00  0.00000000e+00  1.80000000e+00  0.00000000e+00  3.36767046e-09  4.03485808e-01  4.03485808e-01 
 1.80000000e+00  4.03487027e-01  8.86969074e-08  9.48521688e-08  1.80000000e+00  0.00000000e+00  1.80000000e+00  0.00000000e+00  0.00000000e+00  1.80000000e+00  1.80000000e+00  4.03487029e-01  4.03487029e-01  4.03487029e-01 
 0.00000000e+00  4.03485768e-01  8.97628465e-08  9.59582707e-08  1.80000000e+00  0.00000000e+00  1.80000000e+00  0.00000000e+00  1.80000000e+00  0.00000000e+00  0.00000000e+00  3.36767051e-09  3.35143233e-09  4.03485771e-01 
 1.80000000e+00  4.03486944e-01  9.07898929e-08  9.70235163e-08  1.80000000e+00  0.00000000e+00  1.80000000e+00  0.00000000e+00  1.80000000e+00  0.00000000e+00  1.80000000e+00  4.03486946e-01  3.35143240e-09  4.03486946e-01 
 0.00000000e+00  4.03487014e-01  9.17563309e-08  9.80261774e-08  1.80000000e+00  0.00000000e+00  1.80000000e+00  0.00000000e+00  1.80000000e+00  1.80000000e+00  0.00000000e+00  3.36767049e-09  4.03487016e-01  4.03487016e-01 
 1.80000000e+00  4.03488237e-01  9.27652738e-08  9.90724089e-08  1.80000000e+00  0.00000000e+00  1.80000000e+00  0.00000000e+00  1.80000000e+00  1.80000000e+00  1.80000000e+00  4.03488239e-01  4.03488239e-01  4.03488239e-01 
 0.00000000e+00  4.03485781e-01  9.40631967e-08  1.00418688e-07  1.80000000e+00  0.00000000e+00  1.80000000e+00  1.80000000e+00  0.00000000e+00  0.00000000e+00  0.00000000e+00  3.36767046e-09  3.35143233e-09  4.03485783e-01 
 1.80000000e+00  4.03486944e-01  9.50894601e-08  1.01482982e-07  1.80000000e+00  0.00000000e+00  1.80000000e+00  1.80000000e+00  0.00000000e+00  0.00000000e+00  1.80000000e+00  4.03486946e-01  3.35143246e-09  4.03486946e-01 
 0.00000000e+00  4.03487023e-01  9.60463543e-08  1.02475482e-07  1.80000000e+00  0.00000000e+00  1.80000000e+00  1.80000000e+00  0.00000000e+00  1.80000000e+00  0.00000000e+00  3.36767054e-09  4.03487025e-01  4.03487025e-01 
 1.80000000e+00  4.03488251e-01  9.70617257e-08  1.03528492e-07  1.80000000e+00  0.00000000e+00  1.80000000e+00  1.80000000e+00  0.00000000e+00  1.80000000e+00  1.80000000e+00  4.03488253e-01  4.03488253e-01  4.03488253e-01 
 0.00000000e+00  4.03487005e-01  9.80994904e-08  1.04604652e-07  1.80000000e+00  0.00000000e+00  1.80000000e+00  1.80000000e+00  1.80000000e+00  0.00000000e+00  0.00000000e+00  3.36767049e-09  3.35143246e-09  4.03487007e-01 
 1.80000000e+00  4.03488135e-01  9.91187575e-08  1.05661954e-07  1.80000000e+00  0.00000000e+00  1.80000000e+00  1.80000000e+00  1.80000000e+00  0.00000000e+00  1.80000000e+00  4.03488137e-01  3.35143258e-09  4.03488137e-01 
 0.00000000e+00  4.03488236e-01  1.00072054e-07  1.06650191e-07  1.80000000e+00  0.00000000e+00  1.80000000e+00  1.80000000e+00  1.80000000e+00  1.80000000e+00  0.00000000e+00  3.36767052e-09  4.03488238e-01  4.03488239e-01 
 1.80000000e+00  4.03489444e-01  1.01077533e-07  1.07693126e-07  1.80000000e+00  0.00000000e+00  1.80000000e+00  1.80000000e+00  1.80000000e+00  1.80000000e+00  1.80000000e+00  4.03489446e-01  4.03489446e-01  4.03489446e-01 
 0.00000000e+00  4.03484490e-01  1.03659583e-07  1.10369626e-07  1.80000000e+00  1.80000000e+00  0.00000000e+00  0.00000000e+00  0.00000000e+00  0.00000000e+00  0.00000000e+00  3.36767044e-09  3.35143221e-09  4.03484493e-01 
 1.80000000e+00  4.03485734e-01  1.04693926e-07  1.11442461e-07  1.80000000e+00  1.80000000e+00  0.00000000e+00  0.00000000e+00  0.00000000e+00  0.00000000e+00  1.80000000e+00  4.03485736e-01  3.35143232e-09  4.03485736e-01 
 0.00000000e+00  4.03485822e-01  1.05648819e-07  1.12432375e-07  1.80000000e+00  1.80000000e+00  0.00000000e+00  0.00000000e+00  0.00000000e+00  1.80000000e+00  0.00000000e+00  3.36767046e-09  4.03485824e-01  4.03485824e-01 
 1.80000000e+00  4.03486974e-01  1.06665598e-07  1.13486493e-07  1.80000000e+00  1.80000000e+00  0.00000000e+00  0.00000000e+00  0.00000000e+00  1.80000000e+00  1.80000000e+00  4.03486976e-01  4.03486976e-01  4.03486976e-01 
 0.00000000e+00  4.03485762e-01  1.07716195e-07  1.14575499e-07  1.80000000e+00  1.80000000e+00  0.00000000e+00  0.00000000e+00  1.80000000e+00  0.00000000e+00  0.00000000e+00  3.36767046e-09  3.35143233e-09  4.03485764e-01 
 1.80000000e+00  4.03486947e-01  1.08743550e-07  1.15640887e-07  1.80000000e+00  1.80000000e+00  0.00000000e+00  0.00000000e+00  1.80000000e+00  0.00000000e+00  1.80000000e+00  4.03486949e-01  3.35143248e-09  4.03486949e-01 
 0.00000000e+00  4.03487024e-01  1.09699003e-07  1.16631014e-07  1.80000000e+00  1.80000000e+00  0.00000000e+00  0.00000000e+00  1.80000000e+00  1.80000000e+00  0.00000000e+00  3.36767049e-09  4.03487026e-01  4.03487026e-01 
 1.80000000e+00  4.03488230e-01  1.10705984e-07  1.17674972e-07  1.80000000e+00  1.80000000e+00  0.00000000e+00  0.00000000e+00  1.80000000e+00  1.80000000e+00  1.80000000e+00  4.03488232e-01  4.03488232e-01  4.03488232e-01 
 0.00000000e+00  4.03485727e-01  1.11997518e-07  1.19013393e-07  1.80000000e+00  1.80000000e+00  0.00000000e+00  1.80000000e+00  0.00000000e+00  0.00000000e+00  0.00000000e+00  3.36767046e-09  3.35143232e-09  4.03485729e-01 
 1.80000000e+00  4.03486966e-01  1.13039672e-07  1.20093873e-07  1.80000000e+00  1.80000000e+00  0.00000000e+00  1.80000000e+00  0.00000000e+00  0.00000000e+00  1.80000000e+00  4.03486968e-01  3.35143246e-09  4.03486968e-01 
 0.00000000e+00  4.03487063e-01  1.14003775e-07  1.21093194e-07  1.80000000e+00  1.80000000e+00  0.00000000e+00  1.80000000e+00  0.00000000e+00  1.80000000e+00  0.00000000e+00  3.36767049e-09  4.03487065e-01  4.03487065e-01 
 1.80000000e+00  4.03488188e-01  1.15033958e-07  1.22161168e-07  1.80000000e+00  1.80000000e+00  0.00000000e+00  1.80000000e+00  0.00000000e+00  1.80000000e+00  1.80000000e+00  4.03488190e-01  4.03488190e-01  4.03488190e-01 
 0.00000000e+00  4.03486934e-01  1.16071830e-07  1.23236731e-07  1.80000000e+00  1.80000000e+00  0.00000000e+00  1.80000000e+00  1.80000000e+00  0.00000000e+00  0.00000000e+00  3.36767054e-09  3.35143246e-09  4.03486936e-01 
 1.80000000e+00  4.03488187e-01  1.17103469e-07  1.24305913e-07  1.80000000e+00  1.80000000e+00  0.00000000e+00  1.80000000e+00  1.80000000e+00  0.00000000e+00  1.80000000e+00  4.03488189e-01  3.35143259e-09  4.03488189e-01 
 0.00000000e+00  4.03488246e-01  1.18059241e-07  1.25296665e-07  1.80000000e+00  1.80000000e+00  0.00000000e+00  1.80000000e+00  1.80000000e+00  1.80000000e+00  0.00000000e+00  3.36767052e-09  4.03488248e-01  4.03488248e-01 
 1.80000000e+00  4.03489457e-01  1.19076180e-07  1.26350827e-07  1.80000000e+00  1.80000000e+00  0.00000000e+00  1.80000000e+00  1.80000000e+00  1.80000000e+00  1.80000000e+00  4.03489459e-01  4.03489459e-01  4.03489459e-01 
 0.00000000e+00  4.03485753e-01  1.19012778e-07  1.26284633e-07  1.80000000e+00  1.80000000e+00  1.80000000e+00  0.00000000e+00  0.00000000e+00  0.00000000e+00  0.00000000e+00  3.36767051e-09  3.35143232e-09  4.03485755e-01 
 1.80000000e+00  4.03486931e-01  1.20064718e-07  1.27375131e-07  1.80000000e+00  1.80000000e+00  1.80000000e+00  0.00000000e+00  0.00000000e+00  0.00000000e+00  1.80000000e+00  4.03486933e-01  3.35143245e-09  4.03486933e-01 
 0.00000000e+00  4.03487016e-01  1.21032141e-07  1.28377565e-07  1.80000000e+00  1.80000000e+00  1.80000000e+00  0.00000000e+00  0.00000000e+00  1.80000000e+00  0.00000000e+00  3.36767054e-09  4.03487018e-01  4.03487018e-01 
 1.80000000e+00  4.03488216e-01  1.22068201e-07  1.29451479e-07  1.80000000e+00  1.80000000e+00  1.80000000e+00  0.00000000e+00  0.00000000e+00  1.80000000e+00  1.80000000e+00  4.03488218e-01  4.03488218e-01  4.03488219e-01 
 0.00000000e+00  4.03486938e-01  1.23096972e-07  1.30517464e-07  1.80000000e+00  1.80000000e+00  1.80000000e+00  0.00000000e+00  1.80000000e+00  0.00000000e+00  0.00000000e+00  3.36767049e-09  3.35143246e-09  4.03486941e-01 
 1.80000000e+00  4.03488124e-01  1.24136951e-07  1.31595215e-07  1.80000000e+00  1.80000000e+00  1.80000000e+00  0.00000000e+00  1.80000000e+00  0.00000000e+00  1.80000000e+00  4.03488127e-01  3.35143258e-09  4.03488127e-01 
 0.00000000e+00  4.03488173e-01  1.25097361e-07  1.32590543e-07  1.80000000e+00  1.80000000e+00  1.80000000e+00  0.00000000e+00  1.80000000e+00  1.80000000e+00  0.00000000e+00  3.36767051e-09  4.03488175e-01  4.03488175e-01 
 1.80000000e+00  4.03489406e-01  1.26121648e-07  1.33651923e-07  1.80000000e+00  1.80000000e+00  1.80000000e+00  0.00000000e+00  1.80000000e+00  1.80000000e+00  1.80000000e+00  4.03489408e-01  4.03489408e-01  4.03489408e-01 
 0.00000000e+00  4.03487020e-01  1.27358117e-07  1.34933117e-07  1.80000000e+00  1.80000000e+00  1.80000000e+00  1.80000000e+00  0.00000000e+00  0.00000000e+00  0.00000000e+00  3.36767049e-09  3.35143246e-09  4.03487022e-01 
 1.80000000e+00  4.03488191e-01  1.28401777e-07  1.36014606e-07  1.80000000e+00  1.80000000e+00  1.80000000e+00  1.80000000e+00  0.00000000e+00  0.00000000e+00  1.80000000e+00  4.03488193e-01  3.35143259e-09  4.03488193e-01 
 0.00000000e+00  4.03488259e-01  1.29357825e-07  1.37005244e-07  1.80000000e+00  1.80000000e+00  1.80000000e+00  1.80000000e+00  0.00000000e+00  1.80000000e+00  0.00000000e+00  3.36767052e-09  4.03488261e-01  4.03488261e-01 
 1.80000000e+00  4.03489429e-01  1.30385537e-07  1.38070490e-07  1.80000000e+00  1.80000000e+00  1.80000000e+00  1.80000000e+00  0.00000000e+00  1.80000000e+00  1.80000000e+00  4.03489431e-01  4.03489431e-01  4.03489431e-01 
 0.00000000e+00  4.03488201e-01  1.31397201e-07  1.39118569e-07  1.80000000e+00  1.80000000e+00  1.80000000e+00  1.80000000e+00  1.80000000e+00  0.00000000e+00  0.00000000e+00  3.36767052e-09  3.35143259e-09  4.03488203e-01 
 1.80000000e+00  4.03489391e-01  1.32429314e-07  1.40188376e-07  1.80000000e+00  1.80000000e+00  1.80000000e+00  1.80000000e+00  1.80000000e+00  0.00000000e+00  1.80000000e+00  4.03489393e-01  3.35143272e-09  4.03489393e-01 
 0.00000000e+00  4.03489478e-01  1.33376725e-07  1.41169863e-07  1.80000000e+00  1.80000000e+00  1.80000000e+00  1.80000000e+00  1.80000000e+00  1.80000000e+00  0.00000000e+00  3.36767055e-09  4.03489480e-01  4.03489480e-01 
 1.80000000e+00  4.03490646e-01  1.34394996e-07  1.42225261e-07  1.80000000e+00  1.80000000e+00  1.80000000e+00  1.80000000e+00  1.80000000e+00  1.80000000e+00  1.80000000e+00  4.03490648e-01  4.03490648e-01  4.03490648e-01 
