 b0              v(Vbn)          i(Vout)         i(Vout1)        v(b6)           v(b5)           v(b4)           v(b3)           v(b2)           v(b1)           v(b0)           v(b0out)        v(b1out)        v(b6out)       
 0.00000000e+00  3.95957970e-01  1.36496293e-11  8.14281975e-12  0.00000000e+00  0.00000000e+00  0.00000000e+00  0.00000000e+00  0.00000000e+00  0.00000000e+00  0.00000000e+00  3.38146532e-09  3.20679016e-09  3.35830111e-09 
 1.80000000e+00  3.95959394e-01  9.17367211e-10  8.28109137e-10  0.00000000e+00  0.00000000e+00  0.00000000e+00  0.00000000e+00  0.00000000e+00  0.00000000e+00  1.80000000e+00  3.95959396e-01  3.20679020e-09  3.35830127e-09 
 0.00000000e+00  3.95959335e-01  1.91841025e-09  1.75627690e-09  0.00000000e+00  0.00000000e+00  0.00000000e+00  0.00000000e+00  0.00000000e+00  1.80000000e+00  0.00000000e+00  3.38146532e-09  3.95959337e-01  3.35830122e-09 
 1.80000000e+00  3.95960787e-01  2.81908989e-09  2.60217803e-09  0.00000000e+00  0.00000000e+00  0.00000000e+00  0.00000000e+00  0.00000000e+00  1.80000000e+00  1.80000000e+00  3.95960789e-01  3.95960789e-01  3.35830132e-09 
 0.00000000e+00  3.95959382e-01  3.78058057e-09  3.51293750e-09  0.00000000e+00  0.00000000e+00  0.00000000e+00  0.00000000e+00  1.80000000e+00  0.00000000e+00  0.00000000e+00  3.38146532e-09  3.20679020e-09  3.35830122e-09 
 1.80000000e+00  3.95960773e-01  4.68149552e-09  4.37172787e-09  0.00000000e+00  0.00000000e+00  0.00000000e+00  0.00000000e+00  1.80000000e+00  0.00000000e+00  1.80000000e+00  3.95960775e-01  3.20679024e-09  3.35830131e-09 
 0.00000000e+00  3.95960762e-01  5.64458397e-09  5.29439603e-09  0.00000000e+00  0.00000000e+00  0.00000000e+00  0.00000000e+00  1.80000000e+00  1.80000000e+00  0.00000000e+00  3.38146543e-09  3.95960765e-01  3.35830137e-09 
 1.80000000e+00  3.95962139e-01  6.53740511e-09  6.15301587e-09  0.00000000e+00  0.00000000e+00  0.00000000e+00  0.00000000e+00  1.80000000e+00  1.80000000e+00  1.80000000e+00  3.95962141e-01  3.95962141e-01  3.35830147e-09 
 0.00000000e+00  3.95959410e-01  7.20981889e-09  6.80134349e-09  0.00000000e+00  0.00000000e+00  0.00000000e+00  1.80000000e+00  0.00000000e+00  0.00000000e+00  0.00000000e+00  3.38146532e-09  3.20679014e-09  3.35830127e-09 
 1.80000000e+00  3.95960840e-01  8.11444286e-09  7.67562369e-09  0.00000000e+00  0.00000000e+00  0.00000000e+00  1.80000000e+00  0.00000000e+00  0.00000000e+00  1.80000000e+00  3.95960842e-01  3.20679024e-09  3.35830132e-09 
 0.00000000e+00  3.95960804e-01  9.07463879e-09  8.60595151e-09  0.00000000e+00  0.00000000e+00  0.00000000e+00  1.80000000e+00  0.00000000e+00  1.80000000e+00  0.00000000e+00  3.38146538e-09  3.95960806e-01  3.35830131e-09 
 1.80000000e+00  3.95962134e-01  9.97078940e-09  9.47568424e-09  0.00000000e+00  0.00000000e+00  0.00000000e+00  1.80000000e+00  0.00000000e+00  1.80000000e+00  1.80000000e+00  3.95962136e-01  3.95962136e-01  3.35830146e-09 
 0.00000000e+00  3.95960748e-01  1.08610043e-08  1.03410400e-08  0.00000000e+00  0.00000000e+00  0.00000000e+00  1.80000000e+00  1.80000000e+00  0.00000000e+00  0.00000000e+00  3.38146537e-09  3.20679018e-09  3.35830137e-09 
 1.80000000e+00  3.95962185e-01  1.17581431e-08  1.12143255e-08  0.00000000e+00  0.00000000e+00  0.00000000e+00  1.80000000e+00  1.80000000e+00  0.00000000e+00  1.80000000e+00  3.95962187e-01  3.20679027e-09  3.35830146e-09 
 0.00000000e+00  3.95962123e-01  1.27073393e-08  1.21393811e-08  0.00000000e+00  0.00000000e+00  0.00000000e+00  1.80000000e+00  1.80000000e+00  1.80000000e+00  0.00000000e+00  3.38146542e-09  3.95962126e-01  3.35830146e-09 
 1.80000000e+00  3.95963530e-01  1.35993627e-08  1.30099949e-08  0.00000000e+00  0.00000000e+00  0.00000000e+00  1.80000000e+00  1.80000000e+00  1.80000000e+00  1.80000000e+00  3.95963532e-01  3.95963532e-01  3.35830150e-09 
 0.00000000e+00  3.95959321e-01  1.44583717e-08  1.38489042e-08  0.00000000e+00  0.00000000e+00  1.80000000e+00  0.00000000e+00  0.00000000e+00  0.00000000e+00  0.00000000e+00  3.38146532e-09  3.20679020e-09  3.35830127e-09 
 1.80000000e+00  3.95960808e-01  1.53677705e-08  1.47379637e-08  0.00000000e+00  0.00000000e+00  1.80000000e+00  0.00000000e+00  0.00000000e+00  0.00000000e+00  1.80000000e+00  3.95960810e-01  3.20679018e-09  3.35830137e-09 
 0.00000000e+00  3.95960765e-01  1.63168295e-08  1.56662026e-08  0.00000000e+00  0.00000000e+00  1.80000000e+00  0.00000000e+00  0.00000000e+00  1.80000000e+00  0.00000000e+00  3.38146537e-09  3.95960767e-01  3.35830131e-09 
 1.80000000e+00  3.95962204e-01  1.72150409e-08  1.65454566e-08  0.00000000e+00  0.00000000e+00  1.80000000e+00  0.00000000e+00  0.00000000e+00  1.80000000e+00  1.80000000e+00  3.95962206e-01  3.95962206e-01  3.35830147e-09 
 0.00000000e+00  3.95960824e-01  1.81000625e-08  1.74123898e-08  0.00000000e+00  0.00000000e+00  1.80000000e+00  0.00000000e+00  1.80000000e+00  0.00000000e+00  0.00000000e+00  3.38146538e-09  3.20679018e-09  3.35830137e-09 
 1.80000000e+00  3.95962126e-01  1.90064125e-08  1.83004545e-08  0.00000000e+00  0.00000000e+00  1.80000000e+00  0.00000000e+00  1.80000000e+00  0.00000000e+00  1.80000000e+00  3.95962129e-01  3.20679027e-09  3.35830146e-09 
 0.00000000e+00  3.95962120e-01  1.99474936e-08  1.92234069e-08  0.00000000e+00  0.00000000e+00  1.80000000e+00  0.00000000e+00  1.80000000e+00  1.80000000e+00  0.00000000e+00  3.38146542e-09  3.95962122e-01  3.35830146e-09 
 1.80000000e+00  3.95963513e-01  2.08365127e-08  2.00954844e-08  0.00000000e+00  0.00000000e+00  1.80000000e+00  0.00000000e+00  1.80000000e+00  1.80000000e+00  1.80000000e+00  3.95963515e-01  3.95963515e-01  3.35830150e-09 
 0.00000000e+00  3.95960724e-01  2.13997542e-08  2.06484145e-08  0.00000000e+00  0.00000000e+00  1.80000000e+00  1.80000000e+00  0.00000000e+00  0.00000000e+00  0.00000000e+00  3.38146539e-09  3.20679026e-09  3.35830133e-09 
 1.80000000e+00  3.95962217e-01  2.23086822e-08  2.15404299e-08  0.00000000e+00  0.00000000e+00  1.80000000e+00  1.80000000e+00  0.00000000e+00  0.00000000e+00  1.80000000e+00  3.95962219e-01  3.20679028e-09  3.35830148e-09 
 0.00000000e+00  3.95962168e-01  2.32470009e-08  2.24622312e-08  0.00000000e+00  0.00000000e+00  1.80000000e+00  1.80000000e+00  0.00000000e+00  1.80000000e+00  0.00000000e+00  3.38146543e-09  3.95962171e-01  3.35830142e-09 
 1.80000000e+00  3.95963582e-01  2.41493706e-08  2.33486901e-08  0.00000000e+00  0.00000000e+00  1.80000000e+00  1.80000000e+00  0.00000000e+00  1.80000000e+00  1.80000000e+00  3.95963584e-01  3.95963584e-01  3.35830151e-09 
 0.00000000e+00  3.95962181e-01  2.50050582e-08  2.41897311e-08  0.00000000e+00  0.00000000e+00  1.80000000e+00  1.80000000e+00  1.80000000e+00  0.00000000e+00  0.00000000e+00  3.38146543e-09  3.20679022e-09  3.35830147e-09 
 1.80000000e+00  3.95963567e-01  2.59092109e-08  2.50783643e-08  0.00000000e+00  0.00000000e+00  1.80000000e+00  1.80000000e+00  1.80000000e+00  0.00000000e+00  1.80000000e+00  3.95963569e-01  3.20679032e-09  3.35830157e-09 
 0.00000000e+00  3.95963534e-01  2.68421101e-08  2.59959165e-08  0.00000000e+00  0.00000000e+00  1.80000000e+00  1.80000000e+00  1.80000000e+00  1.80000000e+00  0.00000000e+00  3.38146548e-09  3.95963536e-01  3.35830150e-09 
 1.80000000e+00  3.95964914e-01  2.77379022e-08  2.68769043e-08  0.00000000e+00  0.00000000e+00  1.80000000e+00  1.80000000e+00  1.80000000e+00  1.80000000e+00  1.80000000e+00  3.95964916e-01  3.95964917e-01  3.35830165e-09 
 0.00000000e+00  3.95959404e-01  2.74393040e-08  2.65835638e-08  0.00000000e+00  1.80000000e+00  0.00000000e+00  0.00000000e+00  0.00000000e+00  0.00000000e+00  0.00000000e+00  3.38146538e-09  3.20679014e-09  3.35830122e-09 
 1.80000000e+00  3.95960825e-01  2.83528670e-08  2.74821446e-08  0.00000000e+00  1.80000000e+00  0.00000000e+00  0.00000000e+00  0.00000000e+00  0.00000000e+00  1.80000000e+00  3.95960827e-01  3.20679018e-09  3.35830132e-09 
 0.00000000e+00  3.95960704e-01  2.92949986e-08  2.84093318e-08  0.00000000e+00  1.80000000e+00  0.00000000e+00  0.00000000e+00  0.00000000e+00  1.80000000e+00  0.00000000e+00  3.38146537e-09  3.95960707e-01  3.35830131e-09 
 1.80000000e+00  3.95962146e-01  3.01917282e-08  2.92919822e-08  0.00000000e+00  1.80000000e+00  0.00000000e+00  0.00000000e+00  0.00000000e+00  1.80000000e+00  1.80000000e+00  3.95962148e-01  3.95962148e-01  3.35830142e-09 
 0.00000000e+00  3.95960775e-01  3.10591281e-08  3.01459551e-08  0.00000000e+00  1.80000000e+00  0.00000000e+00  0.00000000e+00  1.80000000e+00  0.00000000e+00  0.00000000e+00  3.38146537e-09  3.20679024e-09  3.35830131e-09 
 1.80000000e+00  3.95962127e-01  3.19619381e-08  3.10350146e-08  0.00000000e+00  1.80000000e+00  0.00000000e+00  0.00000000e+00  1.80000000e+00  0.00000000e+00  1.80000000e+00  3.95962129e-01  3.20679027e-09  3.35830146e-09 
 0.00000000e+00  3.95962112e-01  3.28956524e-08  3.19544000e-08  0.00000000e+00  1.80000000e+00  0.00000000e+00  0.00000000e+00  1.80000000e+00  1.80000000e+00  0.00000000e+00  3.38146543e-09  3.95962114e-01  3.35830147e-09 
 1.80000000e+00  3.95963540e-01  3.37877993e-08  3.28329719e-08  0.00000000e+00  1.80000000e+00  0.00000000e+00  0.00000000e+00  1.80000000e+00  1.80000000e+00  1.80000000e+00  3.95963543e-01  3.95963543e-01  3.35830152e-09 
 0.00000000e+00  3.95960698e-01  3.43524026e-08  3.33891563e-08  0.00000000e+00  1.80000000e+00  0.00000000e+00  1.80000000e+00  0.00000000e+00  0.00000000e+00  0.00000000e+00  3.38146537e-09  3.20679024e-09  3.35830136e-09 
 1.80000000e+00  3.95962188e-01  3.52704835e-08  3.42938051e-08  0.00000000e+00  1.80000000e+00  0.00000000e+00  1.80000000e+00  0.00000000e+00  0.00000000e+00  1.80000000e+00  3.95962190e-01  3.20679028e-09  3.35830142e-09 
 0.00000000e+00  3.95962113e-01  3.62079652e-08  3.52176670e-08  0.00000000e+00  1.80000000e+00  0.00000000e+00  1.80000000e+00  0.00000000e+00  1.80000000e+00  0.00000000e+00  3.38146548e-09  3.95962115e-01  3.35830146e-09 
 1.80000000e+00  3.95963590e-01  3.71106282e-08  3.61072381e-08  0.00000000e+00  1.80000000e+00  0.00000000e+00  1.80000000e+00  0.00000000e+00  1.80000000e+00  1.80000000e+00  3.95963592e-01  3.95963592e-01  3.35830157e-09 
 0.00000000e+00  3.95962217e-01  3.79542693e-08  3.69387152e-08  0.00000000e+00  1.80000000e+00  0.00000000e+00  1.80000000e+00  1.80000000e+00  0.00000000e+00  0.00000000e+00  3.38146543e-09  3.20679022e-09  3.35830141e-09 
 1.80000000e+00  3.95963578e-01  3.88530616e-08  3.78248046e-08  0.00000000e+00  1.80000000e+00  0.00000000e+00  1.80000000e+00  1.80000000e+00  0.00000000e+00  1.80000000e+00  3.95963580e-01  3.20679032e-09  3.35830156e-09 
 0.00000000e+00  3.95963502e-01  3.97776608e-08  3.87364167e-08  0.00000000e+00  1.80000000e+00  0.00000000e+00  1.80000000e+00  1.80000000e+00  1.80000000e+00  0.00000000e+00  3.38146548e-09  3.95963504e-01  3.35830156e-09 
 1.80000000e+00  3.95964908e-01  4.06671547e-08  3.96134396e-08  0.00000000e+00  1.80000000e+00  0.00000000e+00  1.80000000e+00  1.80000000e+00  1.80000000e+00  1.80000000e+00  3.95964910e-01  3.95964911e-01  3.35830160e-09 
 0.00000000e+00  3.95960761e-01  4.13408308e-08  4.02776976e-08  0.00000000e+00  1.80000000e+00  1.80000000e+00  0.00000000e+00  0.00000000e+00  0.00000000e+00  0.00000000e+00  3.38146537e-09  3.20679018e-09  3.35830131e-09 
 1.80000000e+00  3.95962218e-01  4.22585598e-08  4.11826164e-08  0.00000000e+00  1.80000000e+00  1.80000000e+00  0.00000000e+00  0.00000000e+00  0.00000000e+00  1.80000000e+00  3.95962220e-01  3.20679022e-09  3.35830141e-09 
 0.00000000e+00  3.95962172e-01  4.31912744e-08  4.21029398e-08  0.00000000e+00  1.80000000e+00  1.80000000e+00  0.00000000e+00  0.00000000e+00  1.80000000e+00  0.00000000e+00  3.38146543e-09  3.95962175e-01  3.35830142e-09 
 1.80000000e+00  3.95963541e-01  4.40940465e-08  4.29933920e-08  0.00000000e+00  1.80000000e+00  1.80000000e+00  0.00000000e+00  0.00000000e+00  1.80000000e+00  1.80000000e+00  3.95963543e-01  3.95963543e-01  3.35830156e-09 
 0.00000000e+00  3.95962176e-01  4.49333739e-08  4.38213732e-08  0.00000000e+00  1.80000000e+00  1.80000000e+00  0.00000000e+00  1.80000000e+00  0.00000000e+00  0.00000000e+00  3.38146543e-09  3.20679028e-09  3.35830141e-09 
 1.80000000e+00  3.95963556e-01  4.58487440e-08  4.47243167e-08  0.00000000e+00  1.80000000e+00  1.80000000e+00  0.00000000e+00  1.80000000e+00  0.00000000e+00  1.80000000e+00  3.95963558e-01  3.20679026e-09  3.35830156e-09 
 0.00000000e+00  3.95963511e-01  4.67810006e-08  4.56442137e-08  0.00000000e+00  1.80000000e+00  1.80000000e+00  0.00000000e+00  1.80000000e+00  1.80000000e+00  0.00000000e+00  3.38146549e-09  3.95963513e-01  3.35830151e-09 
 1.80000000e+00  3.95964898e-01  4.76808506e-08  4.65321079e-08  0.00000000e+00  1.80000000e+00  1.80000000e+00  0.00000000e+00  1.80000000e+00  1.80000000e+00  1.80000000e+00  3.95964900e-01  3.95964900e-01  3.35830166e-09 
 0.00000000e+00  3.95962124e-01  4.81869974e-08  4.70316337e-08  0.00000000e+00  1.80000000e+00  1.80000000e+00  1.80000000e+00  0.00000000e+00  0.00000000e+00  0.00000000e+00  3.38146543e-09  3.20679028e-09  3.35830147e-09 
 1.80000000e+00  3.95963574e-01  4.91104456e-08  4.79426916e-08  0.00000000e+00  1.80000000e+00  1.80000000e+00  1.80000000e+00  0.00000000e+00  0.00000000e+00  1.80000000e+00  3.95963576e-01  3.20679031e-09  3.35830151e-09 
 0.00000000e+00  3.95963523e-01  5.00402844e-08  4.88608691e-08  0.00000000e+00  1.80000000e+00  1.80000000e+00  1.80000000e+00  0.00000000e+00  1.80000000e+00  0.00000000e+00  3.38146549e-09  3.95963525e-01  3.35830156e-09 
 1.80000000e+00  3.95964931e-01  5.09482982e-08  4.97568777e-08  0.00000000e+00  1.80000000e+00  1.80000000e+00  1.80000000e+00  0.00000000e+00  1.80000000e+00  1.80000000e+00  3.95964933e-01  3.95964933e-01  3.35830165e-09 
 0.00000000e+00  3.95963581e-01  5.17713681e-08  5.05690707e-08  0.00000000e+00  1.80000000e+00  1.80000000e+00  1.80000000e+00  1.80000000e+00  0.00000000e+00  0.00000000e+00  3.38146554e-09  3.20679032e-09  3.35830156e-09 
 1.80000000e+00  3.95964942e-01  5.26793067e-08  5.14656051e-08  0.00000000e+00  1.80000000e+00  1.80000000e+00  1.80000000e+00  1.80000000e+00  0.00000000e+00  1.80000000e+00  3.95964944e-01  3.20679035e-09  3.35830160e-09 
 0.00000000e+00  3.95964919e-01  5.36007561e-08  5.23750998e-08  0.00000000e+00  1.80000000e+00  1.80000000e+00  1.80000000e+00  1.80000000e+00  1.80000000e+00  0.00000000e+00  3.38146559e-09  3.95964921e-01  3.35830160e-09 
 1.80000000e+00  3.95966254e-01  5.44975964e-08  5.32603934e-08  0.00000000e+00  1.80000000e+00  1.80000000e+00  1.80000000e+00  1.80000000e+00  1.80000000e+00  1.80000000e+00  3.95966256e-01  3.95966257e-01  3.35830175e-09 
 0.00000000e+00  3.95959382e-01  5.75519371e-08  5.62759510e-08  1.80000000e+00  0.00000000e+00  0.00000000e+00  0.00000000e+00  0.00000000e+00  0.00000000e+00  0.00000000e+00  3.38146532e-09  3.20679020e-09  3.95959384e-01 
 1.80000000e+00  3.95960794e-01  5.84273010e-08  5.71403547e-08  1.80000000e+00  0.00000000e+00  0.00000000e+00  0.00000000e+00  0.00000000e+00  0.00000000e+00  1.80000000e+00  3.95960796e-01  3.20679024e-09  3.95960796e-01 
 0.00000000e+00  3.95960798e-01  5.93493130e-08  5.80507873e-08  1.80000000e+00  0.00000000e+00  0.00000000e+00  0.00000000e+00  0.00000000e+00  1.80000000e+00  0.00000000e+00  3.38146538e-09  3.95960800e-01  3.95960800e-01 
 1.80000000e+00  3.95962232e-01  6.02141498e-08  5.89047602e-08  1.80000000e+00  0.00000000e+00  0.00000000e+00  0.00000000e+00  0.00000000e+00  1.80000000e+00  1.80000000e+00  3.95962235e-01  3.95962235e-01  3.95962235e-01 
 0.00000000e+00  3.95960804e-01  6.10915601e-08  5.97712528e-08  1.80000000e+00  0.00000000e+00  0.00000000e+00  0.00000000e+00  1.80000000e+00  0.00000000e+00  0.00000000e+00  3.38146538e-09  3.20679024e-09  3.95960806e-01 
 1.80000000e+00  3.95962205e-01  6.19726401e-08  6.06412556e-08  1.80000000e+00  0.00000000e+00  0.00000000e+00  0.00000000e+00  1.80000000e+00  0.00000000e+00  1.80000000e+00  3.95962208e-01  3.20679028e-09  3.95962208e-01 
 0.00000000e+00  3.95962169e-01  6.28925586e-08  6.15498124e-08  1.80000000e+00  0.00000000e+00  0.00000000e+00  0.00000000e+00  1.80000000e+00  1.80000000e+00  0.00000000e+00  3.38146543e-09  3.95962171e-01  3.95962171e-01 
 1.80000000e+00  3.95963600e-01  6.37614575e-08  6.24080201e-08  1.80000000e+00  0.00000000e+00  0.00000000e+00  0.00000000e+00  1.80000000e+00  1.80000000e+00  1.80000000e+00  3.95963602e-01  3.95963602e-01  3.95963602e-01 
 0.00000000e+00  3.95960800e-01  6.43485869e-08  6.29877945e-08  1.80000000e+00  0.00000000e+00  0.00000000e+00  1.80000000e+00  0.00000000e+00  0.00000000e+00  0.00000000e+00  3.38146538e-09  3.20679024e-09  3.95960802e-01 
 1.80000000e+00  3.95962246e-01  6.52381919e-08  6.38665369e-08  1.80000000e+00  0.00000000e+00  0.00000000e+00  1.80000000e+00  0.00000000e+00  0.00000000e+00  1.80000000e+00  3.95962248e-01  3.20679028e-09  3.95962248e-01 
 0.00000000e+00  3.95962193e-01  6.61623776e-08  6.47792433e-08  1.80000000e+00  0.00000000e+00  0.00000000e+00  1.80000000e+00  0.00000000e+00  1.80000000e+00  0.00000000e+00  3.38146549e-09  3.95962195e-01  3.95962195e-01 
 1.80000000e+00  3.95963632e-01  6.70452800e-08  6.56513066e-08  1.80000000e+00  0.00000000e+00  0.00000000e+00  1.80000000e+00  0.00000000e+00  1.80000000e+00  1.80000000e+00  3.95963634e-01  3.95963634e-01  3.95963634e-01 
 0.00000000e+00  3.95962191e-01  6.78908605e-08  6.64867343e-08  1.80000000e+00  0.00000000e+00  0.00000000e+00  1.80000000e+00  1.80000000e+00  0.00000000e+00  0.00000000e+00  3.38146543e-09  3.20679028e-09  3.95962193e-01 
 1.80000000e+00  3.95963635e-01  6.87757418e-08  6.73607872e-08  1.80000000e+00  0.00000000e+00  0.00000000e+00  1.80000000e+00  1.80000000e+00  0.00000000e+00  1.80000000e+00  3.95963637e-01  3.20679032e-09  3.95963637e-01 
 0.00000000e+00  3.95963555e-01  6.96976962e-08  6.82714472e-08  1.80000000e+00  0.00000000e+00  0.00000000e+00  1.80000000e+00  1.80000000e+00  1.80000000e+00  0.00000000e+00  3.38146554e-09  3.95963557e-01  3.95963557e-01 
 1.80000000e+00  3.95964929e-01  7.05783852e-08  6.91414073e-08  1.80000000e+00  0.00000000e+00  0.00000000e+00  1.80000000e+00  1.80000000e+00  1.80000000e+00  1.80000000e+00  3.95964931e-01  3.95964931e-01  3.95964931e-01 
 0.00000000e+00  3.95960848e-01  7.13126184e-08  6.98667293e-08  1.80000000e+00  0.00000000e+00  1.80000000e+00  0.00000000e+00  0.00000000e+00  0.00000000e+00  0.00000000e+00  3.38146538e-09  3.20679024e-09  3.95960850e-01 
 1.80000000e+00  3.95962201e-01  7.22183601e-08  7.07615726e-08  1.80000000e+00  0.00000000e+00  1.80000000e+00  0.00000000e+00  0.00000000e+00  0.00000000e+00  1.80000000e+00  3.95962203e-01  3.20679022e-09  3.95962203e-01 
 0.00000000e+00  3.95962181e-01  7.31473991e-08  7.16793238e-08  1.80000000e+00  0.00000000e+00  1.80000000e+00  0.00000000e+00  0.00000000e+00  1.80000000e+00  0.00000000e+00  3.38146543e-09  3.95962184e-01  3.95962184e-01 
 1.80000000e+00  3.95963541e-01  7.40373706e-08  7.25583931e-08  1.80000000e+00  0.00000000e+00  1.80000000e+00  0.00000000e+00  0.00000000e+00  1.80000000e+00  1.80000000e+00  3.95963543e-01  3.95963543e-01  3.95963543e-01 
 0.00000000e+00  3.95962177e-01  7.48840743e-08  7.33948866e-08  1.80000000e+00  0.00000000e+00  1.80000000e+00  0.00000000e+00  1.80000000e+00  0.00000000e+00  0.00000000e+00  3.38146543e-09  3.20679022e-09  3.95962179e-01 
 1.80000000e+00  3.95963574e-01  7.57849549e-08  7.42848982e-08  1.80000000e+00  0.00000000e+00  1.80000000e+00  0.00000000e+00  1.80000000e+00  0.00000000e+00  1.80000000e+00  3.95963576e-01  3.20679032e-09  3.95963576e-01 
 0.00000000e+00  3.95963513e-01  7.67080675e-08  7.51968230e-08  1.80000000e+00  0.00000000e+00  1.80000000e+00  0.00000000e+00  1.80000000e+00  1.80000000e+00  0.00000000e+00  3.38146548e-09  3.95963515e-01  3.95963515e-01 
 1.80000000e+00  3.95964934e-01  7.75914733e-08  7.60695826e-08  1.80000000e+00  0.00000000e+00  1.80000000e+00  0.00000000e+00  1.80000000e+00  1.80000000e+00  1.80000000e+00  3.95964937e-01  3.95964937e-01  3.95964937e-01 
 0.00000000e+00  3.95962191e-01  7.81116614e-08  7.65835892e-08  1.80000000e+00  0.00000000e+00  1.80000000e+00  1.80000000e+00  0.00000000e+00  0.00000000e+00  0.00000000e+00  3.38146543e-09  3.20679028e-09  3.95962193e-01 
 1.80000000e+00  3.95963632e-01  7.90154427e-08  7.74763009e-08  1.80000000e+00  0.00000000e+00  1.80000000e+00  1.80000000e+00  0.00000000e+00  0.00000000e+00  1.80000000e+00  3.95963634e-01  3.20679032e-09  3.95963634e-01 
 0.00000000e+00  3.95963562e-01  7.99310145e-08  7.83810776e-08  1.80000000e+00  0.00000000e+00  1.80000000e+00  1.80000000e+00  0.00000000e+00  1.80000000e+00  0.00000000e+00  3.38146548e-09  3.95963564e-01  3.95963564e-01 
 1.80000000e+00  3.95964963e-01  8.08194814e-08  7.92589816e-08  1.80000000e+00  0.00000000e+00  1.80000000e+00  1.80000000e+00  0.00000000e+00  1.80000000e+00  1.80000000e+00  3.95964965e-01  3.95964965e-01  3.95964965e-01 
 0.00000000e+00  3.95963575e-01  8.16394249e-08  8.00690856e-08  1.80000000e+00  0.00000000e+00  1.80000000e+00  1.80000000e+00  1.80000000e+00  0.00000000e+00  0.00000000e+00  3.38146548e-09  3.20679026e-09  3.95963577e-01 
 1.80000000e+00  3.95965014e-01  8.25311172e-08  8.09499170e-08  1.80000000e+00  0.00000000e+00  1.80000000e+00  1.80000000e+00  1.80000000e+00  0.00000000e+00  1.80000000e+00  3.95965016e-01  3.20679035e-09  3.95965016e-01 
 0.00000000e+00  3.95964951e-01  8.34397410e-08  8.18478014e-08  1.80000000e+00  0.00000000e+00  1.80000000e+00  1.80000000e+00  1.80000000e+00  1.80000000e+00  0.00000000e+00  3.38146554e-09  3.95964953e-01  3.95964953e-01 
 1.80000000e+00  3.95966366e-01  8.43200415e-08  8.27174773e-08  1.80000000e+00  0.00000000e+00  1.80000000e+00  1.80000000e+00  1.80000000e+00  1.80000000e+00  1.80000000e+00  3.95966368e-01  3.95966368e-01  3.95966368e-01 
 0.00000000e+00  3.95960815e-01  8.38205267e-08  8.22240480e-08  1.80000000e+00  1.80000000e+00  0.00000000e+00  0.00000000e+00  0.00000000e+00  0.00000000e+00  0.00000000e+00  3.38146538e-09  3.20679018e-09  3.95960818e-01 
 1.80000000e+00  3.95962218e-01  8.47279286e-08  8.31205540e-08  1.80000000e+00  1.80000000e+00  0.00000000e+00  0.00000000e+00  0.00000000e+00  0.00000000e+00  1.80000000e+00  3.95962220e-01  3.20679028e-09  3.95962220e-01 
 0.00000000e+00  3.95962186e-01  8.56431474e-08  8.40249186e-08  1.80000000e+00  1.80000000e+00  0.00000000e+00  0.00000000e+00  0.00000000e+00  1.80000000e+00  0.00000000e+00  3.38146543e-09  3.95962188e-01  3.95962188e-01 
 1.80000000e+00  3.95963545e-01  8.65335117e-08  8.49046131e-08  1.80000000e+00  1.80000000e+00  0.00000000e+00  0.00000000e+00  0.00000000e+00  1.80000000e+00  1.80000000e+00  3.95963547e-01  3.95963547e-01  3.95963547e-01 
 0.00000000e+00  3.95962195e-01  8.73680737e-08  8.57292406e-08  1.80000000e+00  1.80000000e+00  0.00000000e+00  0.00000000e+00  1.80000000e+00  0.00000000e+00  0.00000000e+00  3.38146543e-09  3.20679022e-09  3.95962197e-01 
 1.80000000e+00  3.95963615e-01  8.82657971e-08  8.66161969e-08  1.80000000e+00  1.80000000e+00  0.00000000e+00  0.00000000e+00  1.80000000e+00  0.00000000e+00  1.80000000e+00  3.95963617e-01  3.20679032e-09  3.95963617e-01 
 0.00000000e+00  3.95963563e-01  8.91753840e-08  8.75150903e-08  1.80000000e+00  1.80000000e+00  0.00000000e+00  0.00000000e+00  1.80000000e+00  1.80000000e+00  0.00000000e+00  3.38146548e-09  3.95963565e-01  3.95963565e-01 
 1.80000000e+00  3.95964944e-01  9.00556425e-08  8.83846241e-08  1.80000000e+00  1.80000000e+00  0.00000000e+00  0.00000000e+00  1.80000000e+00  1.80000000e+00  1.80000000e+00  3.95964946e-01  3.95964946e-01  3.95964946e-01 
 0.00000000e+00  3.95962207e-01  9.05724453e-08  8.88953622e-08  1.80000000e+00  1.80000000e+00  0.00000000e+00  1.80000000e+00  0.00000000e+00  0.00000000e+00  0.00000000e+00  3.38146543e-09  3.20679022e-09  3.95962209e-01 
 1.80000000e+00  3.95963605e-01  9.14842097e-08  8.97964583e-08  1.80000000e+00  1.80000000e+00  0.00000000e+00  1.80000000e+00  0.00000000e+00  0.00000000e+00  1.80000000e+00  3.95963607e-01  3.20679032e-09  3.95963607e-01 
 0.00000000e+00  3.95963518e-01  9.24047406e-08  9.07058677e-08  1.80000000e+00  1.80000000e+00  0.00000000e+00  1.80000000e+00  0.00000000e+00  1.80000000e+00  0.00000000e+00  3.38146554e-09  3.95963520e-01  3.95963520e-01 
 1.80000000e+00  3.95964963e-01  9.33043265e-08  9.15946856e-08  1.80000000e+00  1.80000000e+00  0.00000000e+00  1.80000000e+00  0.00000000e+00  1.80000000e+00  1.80000000e+00  3.95964965e-01  3.95964965e-01  3.95964965e-01 
 0.00000000e+00  3.95963550e-01  9.41245535e-08  9.24050880e-08  1.80000000e+00  1.80000000e+00  0.00000000e+00  1.80000000e+00  1.80000000e+00  0.00000000e+00  0.00000000e+00  3.38146548e-09  3.20679032e-09  3.95963552e-01 
 1.80000000e+00  3.95964978e-01  9.50236175e-08  9.32934796e-08  1.80000000e+00  1.80000000e+00  0.00000000e+00  1.80000000e+00  1.80000000e+00  0.00000000e+00  1.80000000e+00  3.95964980e-01  3.20679030e-09  3.95964980e-01 
 0.00000000e+00  3.95964988e-01  9.59363973e-08  9.41955989e-08  1.80000000e+00  1.80000000e+00  0.00000000e+00  1.80000000e+00  1.80000000e+00  1.80000000e+00  0.00000000e+00  3.38146555e-09  3.95964990e-01  3.95964990e-01 
 1.80000000e+00  3.95966351e-01  9.68255509e-08  9.50739292e-08  1.80000000e+00  1.80000000e+00  0.00000000e+00  1.80000000e+00  1.80000000e+00  1.80000000e+00  1.80000000e+00  3.95966353e-01  3.95966353e-01  3.95966353e-01 
 0.00000000e+00  3.95962195e-01  9.74322781e-08  9.56736557e-08  1.80000000e+00  1.80000000e+00  1.80000000e+00  0.00000000e+00  0.00000000e+00  0.00000000e+00  0.00000000e+00  3.38146543e-09  3.20679022e-09  3.95962198e-01 
 1.80000000e+00  3.95963625e-01  9.83508242e-08  9.65811893e-08  1.80000000e+00  1.80000000e+00  1.80000000e+00  0.00000000e+00  0.00000000e+00  0.00000000e+00  1.80000000e+00  3.95963627e-01  3.20679032e-09  3.95963627e-01 
 0.00000000e+00  3.95963501e-01  9.92719597e-08  9.74917498e-08  1.80000000e+00  1.80000000e+00  1.80000000e+00  0.00000000e+00  0.00000000e+00  1.80000000e+00  0.00000000e+00  3.38146549e-09  3.95963503e-01  3.95963503e-01 
 1.80000000e+00  3.95964954e-01  1.00174745e-07  9.83835378e-08  1.80000000e+00  1.80000000e+00  1.80000000e+00  0.00000000e+00  0.00000000e+00  1.80000000e+00  1.80000000e+00  3.95964956e-01  3.95964956e-01  3.95964956e-01 
 0.00000000e+00  3.95963547e-01  1.00986702e-07  9.91859537e-08  1.80000000e+00  1.80000000e+00  1.80000000e+00  0.00000000e+00  1.80000000e+00  0.00000000e+00  0.00000000e+00  3.38146554e-09  3.20679026e-09  3.95963549e-01 
 1.80000000e+00  3.95964944e-01  1.01896116e-07  1.00084421e-07  1.80000000e+00  1.80000000e+00  1.80000000e+00  0.00000000e+00  1.80000000e+00  0.00000000e+00  1.80000000e+00  3.95964946e-01  3.20679029e-09  3.95964946e-01 
 0.00000000e+00  3.95964909e-01  1.02812561e-07  1.00989993e-07  1.80000000e+00  1.80000000e+00  1.80000000e+00  0.00000000e+00  1.80000000e+00  1.80000000e+00  0.00000000e+00  3.38146554e-09  3.95964911e-01  3.95964911e-01 
 1.80000000e+00  3.95966338e-01  1.03705837e-07  1.01872729e-07  1.80000000e+00  1.80000000e+00  1.80000000e+00  0.00000000e+00  1.80000000e+00  1.80000000e+00  1.80000000e+00  3.95966340e-01  3.95966340e-01  3.95966340e-01 
 0.00000000e+00  3.95963566e-01  1.04176969e-07  1.02337935e-07  1.80000000e+00  1.80000000e+00  1.80000000e+00  1.80000000e+00  0.00000000e+00  0.00000000e+00  0.00000000e+00  3.38146554e-09  3.20679032e-09  3.95963568e-01 
 1.80000000e+00  3.95964998e-01  1.05093354e-07  1.03243664e-07  1.80000000e+00  1.80000000e+00  1.80000000e+00  1.80000000e+00  0.00000000e+00  0.00000000e+00  1.80000000e+00  3.95965000e-01  3.20679035e-09  3.95965000e-01 
 0.00000000e+00  3.95964971e-01  1.06009290e-07  1.04148498e-07  1.80000000e+00  1.80000000e+00  1.80000000e+00  1.80000000e+00  0.00000000e+00  1.80000000e+00  0.00000000e+00  3.38146554e-09  3.95964974e-01  3.95964974e-01 
 1.80000000e+00  3.95966365e-01  1.06911531e-07  1.05040002e-07  1.80000000e+00  1.80000000e+00  1.80000000e+00  1.80000000e+00  0.00000000e+00  1.80000000e+00  1.80000000e+00  3.95966367e-01  3.95966367e-01  3.95966367e-01 
 0.00000000e+00  3.95964972e-01  1.07712211e-07  1.05831433e-07  1.80000000e+00  1.80000000e+00  1.80000000e+00  1.80000000e+00  1.80000000e+00  0.00000000e+00  0.00000000e+00  3.38146554e-09  3.20679030e-09  3.95964974e-01 
 1.80000000e+00  3.95966347e-01  1.08616334e-07  1.06724585e-07  1.80000000e+00  1.80000000e+00  1.80000000e+00  1.80000000e+00  1.80000000e+00  0.00000000e+00  1.80000000e+00  3.95966349e-01  3.20679033e-09  3.95966349e-01 
 0.00000000e+00  3.95966336e-01  1.09522499e-07  1.07619883e-07  1.80000000e+00  1.80000000e+00  1.80000000e+00  1.80000000e+00  1.80000000e+00  1.80000000e+00  0.00000000e+00  3.38146565e-09  3.95966338e-01  3.95966338e-01 
 1.80000000e+00  3.95967735e-01  1.10411269e-07  1.08498185e-07  1.80000000e+00  1.80000000e+00  1.80000000e+00  1.80000000e+00  1.80000000e+00  1.80000000e+00  1.80000000e+00  3.95967737e-01  3.95967737e-01  3.95967737e-01 
