 net8            v(Vbn)          i(Vout)         i(Vout1)        v(b6)           v(b5)           v(b4)           v(b3)           v(b2)           v(b1)           v(b0)           v(b0out)        v(b1out)        v(b6out)       
 1.20510369e+00  6.24592266e-01  7.39656540e-12  5.99164362e-12  0.00000000e+00  0.00000000e+00  0.00000000e+00  0.00000000e+00  0.00000000e+00  0.00000000e+00  0.00000000e+00  3.33873424e-09  3.33873424e-09  3.33873424e-09 
 7.04224384e-01  6.24592770e-01  2.62430122e-09  2.54996994e-09  0.00000000e+00  0.00000000e+00  0.00000000e+00  0.00000000e+00  0.00000000e+00  0.00000000e+00  1.80000000e+00  6.24592772e-01  3.33873424e-09  3.33873424e-09 
 7.05291323e-01  6.24592769e-01  4.95254058e-09  4.83691583e-09  0.00000000e+00  0.00000000e+00  0.00000000e+00  0.00000000e+00  0.00000000e+00  1.80000000e+00  0.00000000e+00  3.33873430e-09  6.24592771e-01  3.33873430e-09 
 6.34380993e-01  6.24593275e-01  7.23109214e-09  7.08669051e-09  0.00000000e+00  0.00000000e+00  0.00000000e+00  0.00000000e+00  0.00000000e+00  1.80000000e+00  1.80000000e+00  6.24593277e-01  6.24593277e-01  3.33873431e-09 
 7.07340519e-01  6.24592769e-01  9.33655768e-09  9.17233004e-09  0.00000000e+00  0.00000000e+00  0.00000000e+00  0.00000000e+00  1.80000000e+00  0.00000000e+00  0.00000000e+00  3.33873424e-09  3.33873424e-09  3.33873424e-09 
 6.35390865e-01  6.24593274e-01  1.16224997e-08  1.14418925e-08  0.00000000e+00  0.00000000e+00  0.00000000e+00  0.00000000e+00  1.80000000e+00  0.00000000e+00  1.80000000e+00  6.24593276e-01  3.33873431e-09  3.33873431e-09 
 6.36334191e-01  6.24593274e-01  1.36599140e-08  1.34679953e-08  0.00000000e+00  0.00000000e+00  0.00000000e+00  0.00000000e+00  1.80000000e+00  1.80000000e+00  0.00000000e+00  3.33873425e-09  6.24593276e-01  3.33873425e-09 
 5.84489720e-01  6.24593778e-01  1.57013121e-08  1.55003871e-08  0.00000000e+00  0.00000000e+00  0.00000000e+00  0.00000000e+00  1.80000000e+00  1.80000000e+00  1.80000000e+00  6.24593780e-01  6.24593780e-01  3.33873433e-09 
 7.11355619e-01  6.24592771e-01  1.76705589e-08  1.74626539e-08  0.00000000e+00  0.00000000e+00  0.00000000e+00  1.80000000e+00  0.00000000e+00  0.00000000e+00  0.00000000e+00  3.33873424e-09  3.33873424e-09  3.33873424e-09 
 6.37791848e-01  6.24593274e-01  1.99993444e-08  1.97848580e-08  0.00000000e+00  0.00000000e+00  0.00000000e+00  1.80000000e+00  0.00000000e+00  0.00000000e+00  1.80000000e+00  6.24593276e-01  3.33873431e-09  3.33873431e-09 
 6.38576101e-01  6.24593272e-01  2.20027889e-08  2.17837843e-08  0.00000000e+00  0.00000000e+00  0.00000000e+00  1.80000000e+00  0.00000000e+00  1.80000000e+00  0.00000000e+00  3.33873431e-09  6.24593274e-01  3.33873431e-09 
 5.86137194e-01  6.24593777e-01  2.40521411e-08  2.38293789e-08  0.00000000e+00  0.00000000e+00  0.00000000e+00  1.80000000e+00  0.00000000e+00  1.80000000e+00  1.80000000e+00  6.24593779e-01  6.24593779e-01  3.33873433e-09 
 6.40110425e-01  6.24593275e-01  2.58857860e-08  2.56602712e-08  0.00000000e+00  0.00000000e+00  0.00000000e+00  1.80000000e+00  1.80000000e+00  0.00000000e+00  0.00000000e+00  3.33873431e-09  3.33873431e-09  3.33873431e-09 
 5.87100582e-01  6.24593780e-01  2.79690903e-08  2.77410170e-08  0.00000000e+00  0.00000000e+00  0.00000000e+00  1.80000000e+00  1.80000000e+00  0.00000000e+00  1.80000000e+00  6.24593782e-01  3.33873434e-09  3.33873434e-09 
 5.87946915e-01  6.24593782e-01  2.98099080e-08  2.95799929e-08  0.00000000e+00  0.00000000e+00  0.00000000e+00  1.80000000e+00  1.80000000e+00  1.80000000e+00  0.00000000e+00  3.33873434e-09  6.24593784e-01  3.33873434e-09 
 5.44673423e-01  6.24594283e-01  3.17093403e-08  3.14778649e-08  0.00000000e+00  0.00000000e+00  0.00000000e+00  1.80000000e+00  1.80000000e+00  1.80000000e+00  1.80000000e+00  6.24594285e-01  6.24594285e-01  3.33873433e-09 
 7.19497492e-01  6.24592771e-01  3.37233694e-08  3.34905587e-08  0.00000000e+00  0.00000000e+00  1.80000000e+00  0.00000000e+00  0.00000000e+00  0.00000000e+00  0.00000000e+00  3.33873430e-09  3.33873430e-09  3.33873430e-09 
 6.42756561e-01  6.24593276e-01  3.61422146e-08  3.59081647e-08  0.00000000e+00  0.00000000e+00  1.80000000e+00  0.00000000e+00  0.00000000e+00  0.00000000e+00  1.80000000e+00  6.24593278e-01  3.33873431e-09  3.33873431e-09 
 6.43483906e-01  6.24593274e-01  3.81589289e-08  3.79240915e-08  0.00000000e+00  0.00000000e+00  1.80000000e+00  0.00000000e+00  0.00000000e+00  1.80000000e+00  0.00000000e+00  3.33873431e-09  6.24593276e-01  3.33873431e-09 
 5.89939224e-01  6.24593779e-01  4.02562513e-08  4.00207966e-08  0.00000000e+00  0.00000000e+00  1.80000000e+00  0.00000000e+00  0.00000000e+00  1.80000000e+00  1.80000000e+00  6.24593781e-01  6.24593781e-01  3.33873431e-09 
 6.44894587e-01  6.24593273e-01  4.20435452e-08  4.18077057e-08  0.00000000e+00  0.00000000e+00  1.80000000e+00  0.00000000e+00  1.80000000e+00  0.00000000e+00  0.00000000e+00  3.33873430e-09  3.33873430e-09  3.33873430e-09 
 5.90787981e-01  6.24593781e-01  4.41760785e-08  4.39399095e-08  0.00000000e+00  0.00000000e+00  1.80000000e+00  0.00000000e+00  1.80000000e+00  0.00000000e+00  1.80000000e+00  6.24593783e-01  3.33873436e-09  3.33873436e-09 
 5.91576357e-01  6.24593782e-01  4.60096078e-08  4.57732704e-08  0.00000000e+00  0.00000000e+00  1.80000000e+00  0.00000000e+00  1.80000000e+00  1.80000000e+00  0.00000000e+00  3.33873430e-09  6.24593784e-01  3.33873430e-09 
 5.47705632e-01  6.24594279e-01  4.79262691e-08  4.76898442e-08  0.00000000e+00  0.00000000e+00  1.80000000e+00  0.00000000e+00  1.80000000e+00  1.80000000e+00  1.80000000e+00  6.24594281e-01  6.24594281e-01  3.33873433e-09 
 6.47692211e-01  6.24593274e-01  4.96463828e-08  4.94099448e-08  0.00000000e+00  0.00000000e+00  1.80000000e+00  1.80000000e+00  0.00000000e+00  0.00000000e+00  0.00000000e+00  3.33873431e-09  3.33873431e-09  3.33873431e-09 
 5.92841085e-01  6.24593782e-01  5.18389534e-08  5.16025820e-08  0.00000000e+00  0.00000000e+00  1.80000000e+00  1.80000000e+00  0.00000000e+00  0.00000000e+00  1.80000000e+00  6.24593784e-01  3.33873431e-09  3.33873431e-09 
 5.93502204e-01  6.24593782e-01  5.36726049e-08  5.34363455e-08  0.00000000e+00  0.00000000e+00  1.80000000e+00  1.80000000e+00  0.00000000e+00  1.80000000e+00  0.00000000e+00  3.33873437e-09  6.24593784e-01  3.33873437e-09 
 5.49232677e-01  6.24594282e-01  5.56295336e-08  5.53934405e-08  0.00000000e+00  0.00000000e+00  1.80000000e+00  1.80000000e+00  0.00000000e+00  1.80000000e+00  1.80000000e+00  6.24594284e-01  6.24594284e-01  3.33873433e-09 
 5.94813830e-01  6.24593779e-01  5.72723171e-08  5.70364108e-08  0.00000000e+00  0.00000000e+00  1.80000000e+00  1.80000000e+00  1.80000000e+00  0.00000000e+00  0.00000000e+00  3.33873435e-09  3.33873435e-09  3.33873435e-09 
 5.50133512e-01  6.24594281e-01  5.92738808e-08  5.90382282e-08  0.00000000e+00  0.00000000e+00  1.80000000e+00  1.80000000e+00  1.80000000e+00  0.00000000e+00  1.80000000e+00  6.24594283e-01  3.33873433e-09  3.33873433e-09 
 5.50905153e-01  6.24594287e-01  6.09814419e-08  6.07460395e-08  0.00000000e+00  0.00000000e+00  1.80000000e+00  1.80000000e+00  1.80000000e+00  1.80000000e+00  0.00000000e+00  3.33873434e-09  6.24594289e-01  3.33873434e-09 
 5.12530148e-01  6.24594788e-01  6.28113851e-08  6.25762737e-08  0.00000000e+00  0.00000000e+00  1.80000000e+00  1.80000000e+00  1.80000000e+00  1.80000000e+00  1.80000000e+00  6.24594790e-01  6.24594790e-01  3.33873437e-09 
 7.37356780e-01  6.24592771e-01  6.53093778e-08  6.50747087e-08  0.00000000e+00  1.80000000e+00  0.00000000e+00  0.00000000e+00  0.00000000e+00  0.00000000e+00  0.00000000e+00  3.33873424e-09  3.33873424e-09  3.33873424e-09 
 6.53056846e-01  6.24593274e-01  6.78608615e-08  6.76266695e-08  0.00000000e+00  1.80000000e+00  0.00000000e+00  0.00000000e+00  0.00000000e+00  0.00000000e+00  1.80000000e+00  6.24593276e-01  3.33873431e-09  3.33873431e-09 
 6.53807523e-01  6.24593272e-01  6.99547978e-08  6.97210280e-08  0.00000000e+00  1.80000000e+00  0.00000000e+00  0.00000000e+00  0.00000000e+00  1.80000000e+00  0.00000000e+00  3.33873431e-09  6.24593274e-01  3.33873431e-09 
 5.97901993e-01  6.24593780e-01  7.21511868e-08  7.19178729e-08  0.00000000e+00  1.80000000e+00  0.00000000e+00  0.00000000e+00  0.00000000e+00  1.80000000e+00  1.80000000e+00  6.24593782e-01  6.24593782e-01  3.33873434e-09 
 6.55253130e-01  6.24593275e-01  7.39571665e-08  7.37242498e-08  0.00000000e+00  1.80000000e+00  0.00000000e+00  0.00000000e+00  1.80000000e+00  0.00000000e+00  0.00000000e+00  3.33873431e-09  3.33873431e-09  3.33873431e-09 
 5.98739549e-01  6.24593778e-01  7.61721929e-08  7.59397599e-08  0.00000000e+00  1.80000000e+00  0.00000000e+00  0.00000000e+00  1.80000000e+00  0.00000000e+00  1.80000000e+00  6.24593780e-01  3.33873433e-09  3.33873433e-09 
 5.99533303e-01  6.24593783e-01  7.80539912e-08  7.78219816e-08  0.00000000e+00  1.80000000e+00  0.00000000e+00  0.00000000e+00  1.80000000e+00  1.80000000e+00  0.00000000e+00  3.33873434e-09  6.24593785e-01  3.33873434e-09 
 5.54413717e-01  6.24594286e-01  8.00424079e-08  7.98108502e-08  0.00000000e+00  1.80000000e+00  0.00000000e+00  0.00000000e+00  1.80000000e+00  1.80000000e+00  1.80000000e+00  6.24594288e-01  6.24594288e-01  3.33873434e-09 
 6.58096158e-01  6.24593276e-01  8.17263778e-08  8.14952212e-08  0.00000000e+00  1.80000000e+00  0.00000000e+00  1.80000000e+00  0.00000000e+00  0.00000000e+00  0.00000000e+00  3.33873431e-09  3.33873431e-09  3.33873431e-09 
 6.00770301e-01  6.24593780e-01  8.40048238e-08  8.37741991e-08  0.00000000e+00  1.80000000e+00  0.00000000e+00  1.80000000e+00  0.00000000e+00  0.00000000e+00  1.80000000e+00  6.24593782e-01  3.33873434e-09  3.33873434e-09 
 6.01430820e-01  6.24593776e-01  8.58799735e-08  8.56498014e-08  0.00000000e+00  1.80000000e+00  0.00000000e+00  1.80000000e+00  0.00000000e+00  1.80000000e+00  0.00000000e+00  3.33873433e-09  6.24593778e-01  3.33873433e-09 
 5.55894744e-01  6.24594282e-01  8.78930136e-08  8.76633123e-08  0.00000000e+00  1.80000000e+00  0.00000000e+00  1.80000000e+00  0.00000000e+00  1.80000000e+00  1.80000000e+00  6.24594284e-01  6.24594284e-01  3.33873433e-09 
 6.02729900e-01  6.24593780e-01  8.95354054e-08  8.93060995e-08  0.00000000e+00  1.80000000e+00  0.00000000e+00  1.80000000e+00  1.80000000e+00  0.00000000e+00  0.00000000e+00  3.33873434e-09  3.33873434e-09  3.33873434e-09 
 5.56764307e-01  6.24594282e-01  9.15797309e-08  9.13509223e-08  0.00000000e+00  1.80000000e+00  0.00000000e+00  1.80000000e+00  1.80000000e+00  0.00000000e+00  1.80000000e+00  6.24594284e-01  3.33873433e-09  3.33873433e-09 
 5.57525664e-01  6.24594285e-01  9.33055024e-08  9.30771075e-08  0.00000000e+00  1.80000000e+00  0.00000000e+00  1.80000000e+00  1.80000000e+00  1.80000000e+00  0.00000000e+00  3.33873434e-09  6.24594287e-01  3.33873434e-09 
 5.18342320e-01  6.24594784e-01  9.51710197e-08  9.49430763e-08  0.00000000e+00  1.80000000e+00  0.00000000e+00  1.80000000e+00  1.80000000e+00  1.80000000e+00  1.80000000e+00  6.24594786e-01  6.24594786e-01  3.33873442e-09 
 6.63834510e-01  6.24593273e-01  9.70238121e-08  9.67963190e-08  0.00000000e+00  1.80000000e+00  1.80000000e+00  0.00000000e+00  0.00000000e+00  0.00000000e+00  0.00000000e+00  3.33873430e-09  3.33873430e-09  3.33873430e-09 
 6.05015411e-01  6.24593782e-01  9.93841405e-08  9.91572167e-08  0.00000000e+00  1.80000000e+00  1.80000000e+00  0.00000000e+00  0.00000000e+00  0.00000000e+00  1.80000000e+00  6.24593783e-01  3.33873434e-09  3.33873434e-09 
 6.05628207e-01  6.24593782e-01  1.01292906e-07  1.01066451e-07  0.00000000e+00  1.80000000e+00  1.80000000e+00  0.00000000e+00  0.00000000e+00  1.80000000e+00  0.00000000e+00  3.33873434e-09  6.24593784e-01  3.33873434e-09 
 5.59357849e-01  6.24594287e-01  1.03356854e-07  1.03130885e-07  0.00000000e+00  1.80000000e+00  1.80000000e+00  0.00000000e+00  0.00000000e+00  1.80000000e+00  1.80000000e+00  6.24594288e-01  6.24594288e-01  3.33873434e-09 
 6.06818825e-01  6.24593780e-01  1.04977747e-07  1.04752171e-07  0.00000000e+00  1.80000000e+00  1.80000000e+00  0.00000000e+00  1.80000000e+00  0.00000000e+00  0.00000000e+00  3.33873434e-09  3.33873434e-09  3.33873434e-09 
 5.60127283e-01  6.24594282e-01  1.07080831e-07  1.06855754e-07  0.00000000e+00  1.80000000e+00  1.80000000e+00  0.00000000e+00  1.80000000e+00  0.00000000e+00  1.80000000e+00  6.24594284e-01  3.33873433e-09  3.33873433e-09 
 5.60839995e-01  6.24594283e-01  1.08831102e-07  1.08606445e-07  0.00000000e+00  1.80000000e+00  1.80000000e+00  0.00000000e+00  1.80000000e+00  1.80000000e+00  0.00000000e+00  3.33873433e-09  6.24594285e-01  3.33873433e-09 
 5.21202545e-01  6.24594788e-01  1.10736995e-07  1.10512787e-07  0.00000000e+00  1.80000000e+00  1.80000000e+00  0.00000000e+00  1.80000000e+00  1.80000000e+00  1.80000000e+00  6.24594789e-01  6.24594789e-01  3.33873442e-09 
 6.09202081e-01  6.24593779e-01  1.12266154e-07  1.12042315e-07  0.00000000e+00  1.80000000e+00  1.80000000e+00  1.80000000e+00  0.00000000e+00  0.00000000e+00  0.00000000e+00  3.33873433e-09  3.33873433e-09  3.33873433e-09 
 5.62006456e-01  6.24594284e-01  1.14438817e-07  1.14215488e-07  0.00000000e+00  1.80000000e+00  1.80000000e+00  1.80000000e+00  0.00000000e+00  0.00000000e+00  1.80000000e+00  6.24594286e-01  3.33873433e-09  3.33873433e-09 
 5.62606861e-01  6.24594283e-01  1.16196521e-07  1.15973601e-07  0.00000000e+00  1.80000000e+00  1.80000000e+00  1.80000000e+00  0.00000000e+00  1.80000000e+00  0.00000000e+00  3.33873433e-09  6.24594285e-01  3.33873433e-09 
 5.22651061e-01  6.24594786e-01  1.18135592e-07  1.17913119e-07  0.00000000e+00  1.80000000e+00  1.80000000e+00  1.80000000e+00  0.00000000e+00  1.80000000e+00  1.80000000e+00  6.24594788e-01  6.24594788e-01  3.33873442e-09 
 5.63799229e-01  6.24594279e-01  1.19637746e-07  1.19415628e-07  0.00000000e+00  1.80000000e+00  1.80000000e+00  1.80000000e+00  1.80000000e+00  0.00000000e+00  0.00000000e+00  3.33873433e-09  3.33873433e-09  3.33873433e-09 
 5.23503091e-01  6.24594790e-01  1.21619586e-07  1.21397926e-07  0.00000000e+00  1.80000000e+00  1.80000000e+00  1.80000000e+00  1.80000000e+00  0.00000000e+00  1.80000000e+00  6.24594792e-01  3.33873442e-09  3.33873442e-09 
 5.24226211e-01  6.24594788e-01  1.23254975e-07  1.23033686e-07  0.00000000e+00  1.80000000e+00  1.80000000e+00  1.80000000e+00  1.80000000e+00  1.80000000e+00  0.00000000e+00  3.33873442e-09  6.24594790e-01  3.33873442e-09 
 4.88748274e-01  6.24595291e-01  1.25074241e-07  1.24853366e-07  0.00000000e+00  1.80000000e+00  1.80000000e+00  1.80000000e+00  1.80000000e+00  1.80000000e+00  1.80000000e+00  6.24595293e-01  6.24595293e-01  3.33873440e-09 
 7.86867201e-01  6.24592769e-01  1.29227925e-07  1.29007997e-07  1.80000000e+00  0.00000000e+00  0.00000000e+00  0.00000000e+00  0.00000000e+00  0.00000000e+00  0.00000000e+00  3.33873424e-09  3.33873424e-09  6.24592771e-01 
 6.75977211e-01  6.24593273e-01  1.31891367e-07  1.31672038e-07  1.80000000e+00  0.00000000e+00  0.00000000e+00  0.00000000e+00  0.00000000e+00  0.00000000e+00  1.80000000e+00  6.24593275e-01  3.33873430e-09  6.24593275e-01 
 6.76866216e-01  6.24593272e-01  1.34129228e-07  1.33910401e-07  1.80000000e+00  0.00000000e+00  0.00000000e+00  0.00000000e+00  0.00000000e+00  1.80000000e+00  0.00000000e+00  3.33873431e-09  6.24593274e-01  6.24593274e-01 
 6.14989856e-01  6.24593782e-01  1.36418833e-07  1.36200498e-07  1.80000000e+00  0.00000000e+00  0.00000000e+00  0.00000000e+00  0.00000000e+00  1.80000000e+00  1.80000000e+00  6.24593784e-01  6.24593784e-01  6.24593784e-01 
 6.78577467e-01  6.24593279e-01  1.38395596e-07  1.38177700e-07  1.80000000e+00  0.00000000e+00  0.00000000e+00  0.00000000e+00  1.80000000e+00  0.00000000e+00  0.00000000e+00  3.33873431e-09  3.33873431e-09  6.24593281e-01 
 6.15931510e-01  6.24593776e-01  1.40709156e-07  1.40491762e-07  1.80000000e+00  0.00000000e+00  0.00000000e+00  0.00000000e+00  1.80000000e+00  0.00000000e+00  1.80000000e+00  6.24593778e-01  3.33873433e-09  6.24593778e-01 
 6.16802004e-01  6.24593775e-01  1.42707110e-07  1.42490141e-07  1.80000000e+00  0.00000000e+00  0.00000000e+00  0.00000000e+00  1.80000000e+00  1.80000000e+00  0.00000000e+00  3.33873433e-09  6.24593777e-01  6.24593777e-01 
 5.68756297e-01  6.24594283e-01  1.44768653e-07  1.44552122e-07  1.80000000e+00  0.00000000e+00  0.00000000e+00  0.00000000e+00  1.80000000e+00  1.80000000e+00  1.80000000e+00  6.24594285e-01  6.24594285e-01  6.24594285e-01 
 6.81927797e-01  6.24593273e-01  1.46604971e-07  1.46388838e-07  1.80000000e+00  0.00000000e+00  0.00000000e+00  1.80000000e+00  0.00000000e+00  0.00000000e+00  0.00000000e+00  3.33873430e-09  3.33873430e-09  6.24593275e-01 
 6.18167899e-01  6.24593779e-01  1.48959495e-07  1.48743860e-07  1.80000000e+00  0.00000000e+00  0.00000000e+00  1.80000000e+00  0.00000000e+00  0.00000000e+00  1.80000000e+00  6.24593781e-01  3.33873433e-09  6.24593781e-01 
 6.18891342e-01  6.24593782e-01  1.50931860e-07  1.50716638e-07  1.80000000e+00  0.00000000e+00  0.00000000e+00  1.80000000e+00  0.00000000e+00  1.80000000e+00  0.00000000e+00  3.33873434e-09  6.24593784e-01  6.24593784e-01 
 5.70347862e-01  6.24594288e-01  1.53008997e-07  1.52794198e-07  1.80000000e+00  0.00000000e+00  0.00000000e+00  1.80000000e+00  0.00000000e+00  1.80000000e+00  1.80000000e+00  6.24594290e-01  6.24594290e-01  6.24594290e-01 
 6.20311951e-01  6.24593781e-01  1.54772115e-07  1.54557689e-07  1.80000000e+00  0.00000000e+00  0.00000000e+00  1.80000000e+00  1.80000000e+00  0.00000000e+00  0.00000000e+00  3.33873434e-09  3.33873434e-09  6.24593783e-01 
 5.71276644e-01  6.24594285e-01  1.56881323e-07  1.56667328e-07  1.80000000e+00  0.00000000e+00  0.00000000e+00  1.80000000e+00  1.80000000e+00  0.00000000e+00  1.80000000e+00  6.24594287e-01  3.33873439e-09  6.24594287e-01 
 5.72084439e-01  6.24594281e-01  1.58699006e-07  1.58485378e-07  1.80000000e+00  0.00000000e+00  0.00000000e+00  1.80000000e+00  1.80000000e+00  1.80000000e+00  0.00000000e+00  3.33873439e-09  6.24594283e-01  6.24594283e-01 
 5.31050765e-01  6.24594794e-01  1.60623708e-07  1.60410469e-07  1.80000000e+00  0.00000000e+00  0.00000000e+00  1.80000000e+00  1.80000000e+00  1.80000000e+00  1.80000000e+00  6.24594796e-01  6.24594796e-01  6.24594796e-01 
 6.88673225e-01  6.24593274e-01  1.62596588e-07  1.62383758e-07  1.80000000e+00  0.00000000e+00  1.80000000e+00  0.00000000e+00  0.00000000e+00  0.00000000e+00  0.00000000e+00  3.33873431e-09  3.33873431e-09  6.24593276e-01 
 6.22812633e-01  6.24593779e-01  1.65040049e-07  1.64827710e-07  1.80000000e+00  0.00000000e+00  1.80000000e+00  0.00000000e+00  0.00000000e+00  0.00000000e+00  1.80000000e+00  6.24593781e-01  3.33873433e-09  6.24593781e-01 
 6.23484257e-01  6.24593780e-01  1.67038783e-07  1.66826838e-07  1.80000000e+00  0.00000000e+00  1.80000000e+00  0.00000000e+00  0.00000000e+00  1.80000000e+00  0.00000000e+00  3.33873434e-09  6.24593782e-01  6.24593782e-01 
 5.74036652e-01  6.24594284e-01  1.69157853e-07  1.68946319e-07  1.80000000e+00  0.00000000e+00  1.80000000e+00  0.00000000e+00  0.00000000e+00  1.80000000e+00  1.80000000e+00  6.24594286e-01  6.24594286e-01  6.24594286e-01 
 6.24785171e-01  6.24593778e-01  1.70883979e-07  1.70672787e-07  1.80000000e+00  0.00000000e+00  1.80000000e+00  0.00000000e+00  1.80000000e+00  0.00000000e+00  0.00000000e+00  3.33873433e-09  3.33873433e-09  6.24593780e-01 
 5.74854793e-01  6.24594282e-01  1.73038664e-07  1.72827896e-07  1.80000000e+00  0.00000000e+00  1.80000000e+00  0.00000000e+00  1.80000000e+00  0.00000000e+00  1.80000000e+00  6.24594284e-01  3.33873439e-09  6.24594284e-01 
 5.75606867e-01  6.24594282e-01  1.74855483e-07  1.74645068e-07  1.80000000e+00  0.00000000e+00  1.80000000e+00  0.00000000e+00  1.80000000e+00  1.80000000e+00  0.00000000e+00  3.33873439e-09  6.24594283e-01  6.24594283e-01 
 5.34044781e-01  6.24594791e-01  1.76795205e-07  1.76585167e-07  1.80000000e+00  0.00000000e+00  1.80000000e+00  0.00000000e+00  1.80000000e+00  1.80000000e+00  1.80000000e+00  6.24594793e-01  6.24594793e-01  6.24594793e-01 
 6.27371096e-01  6.24593779e-01  1.78432843e-07  1.78223122e-07  1.80000000e+00  0.00000000e+00  1.80000000e+00  1.80000000e+00  0.00000000e+00  0.00000000e+00  0.00000000e+00  3.33873433e-09  3.33873433e-09  6.24593781e-01 
 5.76831089e-01  6.24594285e-01  1.80641473e-07  1.80432166e-07  1.80000000e+00  0.00000000e+00  1.80000000e+00  1.80000000e+00  0.00000000e+00  0.00000000e+00  1.80000000e+00  6.24594287e-01  3.33873439e-09  6.24594287e-01 
 5.77460844e-01  6.24594285e-01  1.82448900e-07  1.82239938e-07  1.80000000e+00  0.00000000e+00  1.80000000e+00  1.80000000e+00  0.00000000e+00  1.80000000e+00  0.00000000e+00  3.33873439e-09  6.24594287e-01  6.24594287e-01 
 5.35540451e-01  6.24594792e-01  1.84412029e-07  1.84203437e-07  1.80000000e+00  0.00000000e+00  1.80000000e+00  1.80000000e+00  0.00000000e+00  1.80000000e+00  1.80000000e+00  6.24594794e-01  6.24594794e-01  6.24594794e-01 
 5.78710421e-01  6.24594289e-01  1.85991021e-07  1.85782732e-07  1.80000000e+00  0.00000000e+00  1.80000000e+00  1.80000000e+00  1.80000000e+00  0.00000000e+00  0.00000000e+00  3.33873439e-09  3.33873439e-09  6.24594290e-01 
 5.36418377e-01  6.24594793e-01  1.87998780e-07  1.87790861e-07  1.80000000e+00  0.00000000e+00  1.80000000e+00  1.80000000e+00  1.80000000e+00  0.00000000e+00  1.80000000e+00  6.24594795e-01  3.33873442e-09  6.24594795e-01 
 5.37165123e-01  6.24594784e-01  1.89679225e-07  1.89471622e-07  1.80000000e+00  0.00000000e+00  1.80000000e+00  1.80000000e+00  1.80000000e+00  1.80000000e+00  0.00000000e+00  3.33873442e-09  6.24594786e-01  6.24594786e-01 
 5.00339133e-01  6.24595295e-01  1.91513577e-07  1.91306317e-07  1.80000000e+00  0.00000000e+00  1.80000000e+00  1.80000000e+00  1.80000000e+00  1.80000000e+00  1.80000000e+00  6.24595297e-01  6.24595297e-01  6.24595297e-01 
 7.03033470e-01  6.24593274e-01  1.94274178e-07  1.94067427e-07  1.80000000e+00  1.80000000e+00  0.00000000e+00  0.00000000e+00  0.00000000e+00  0.00000000e+00  0.00000000e+00  3.33873425e-09  3.33873425e-09  6.24593275e-01 
 6.32424811e-01  6.24593779e-01  1.96816183e-07  1.96609905e-07  1.80000000e+00  1.80000000e+00  0.00000000e+00  0.00000000e+00  0.00000000e+00  0.00000000e+00  1.80000000e+00  6.24593781e-01  3.33873433e-09  6.24593781e-01 
 6.33104579e-01  6.24593781e-01  1.98866715e-07  1.98660803e-07  1.80000000e+00  1.80000000e+00  0.00000000e+00  0.00000000e+00  0.00000000e+00  1.80000000e+00  0.00000000e+00  3.33873434e-09  6.24593783e-01  6.24593783e-01 
 5.81759120e-01  6.24594283e-01  2.01062599e-07  2.00857085e-07  1.80000000e+00  1.80000000e+00  0.00000000e+00  0.00000000e+00  0.00000000e+00  1.80000000e+00  1.80000000e+00  6.24594285e-01  6.24594285e-01  6.24594285e-01 
 6.34419593e-01  6.24593777e-01  2.02808196e-07  2.02602994e-07  1.80000000e+00  1.80000000e+00  0.00000000e+00  0.00000000e+00  1.80000000e+00  0.00000000e+00  0.00000000e+00  3.33873433e-09  3.33873433e-09  6.24593779e-01 
 5.82559818e-01  6.24594280e-01  2.05026383e-07  2.04821577e-07  1.80000000e+00  1.80000000e+00  0.00000000e+00  0.00000000e+00  1.80000000e+00  0.00000000e+00  1.80000000e+00  6.24594282e-01  3.33873439e-09  6.24594282e-01 
 5.83309975e-01  6.24594282e-01  2.06873786e-07  2.06669315e-07  1.80000000e+00  1.80000000e+00  0.00000000e+00  0.00000000e+00  1.80000000e+00  1.80000000e+00  0.00000000e+00  3.33873439e-09  6.24594284e-01  6.24594284e-01 
 5.40655322e-01  6.24594781e-01  2.08860218e-07  2.08656106e-07  1.80000000e+00  1.80000000e+00  0.00000000e+00  0.00000000e+00  1.80000000e+00  1.80000000e+00  1.80000000e+00  6.24594783e-01  6.24594783e-01  6.24594783e-01 
 6.37003368e-01  6.24593779e-01  2.10463733e-07  2.10259906e-07  1.80000000e+00  1.80000000e+00  0.00000000e+00  1.80000000e+00  0.00000000e+00  0.00000000e+00  0.00000000e+00  3.33873433e-09  3.33873433e-09  6.24593781e-01 
 5.84493346e-01  6.24594283e-01  2.12740765e-07  2.12537338e-07  1.80000000e+00  1.80000000e+00  0.00000000e+00  1.80000000e+00  0.00000000e+00  0.00000000e+00  1.80000000e+00  6.24594284e-01  3.33873439e-09  6.24594284e-01 
 5.85119770e-01  6.24594291e-01  2.14589292e-07  2.14386192e-07  1.80000000e+00  1.80000000e+00  0.00000000e+00  1.80000000e+00  0.00000000e+00  1.80000000e+00  0.00000000e+00  3.33873439e-09  6.24594292e-01  6.24594292e-01 
 5.42099996e-01  6.24594787e-01  2.16610838e-07  2.16408088e-07  1.80000000e+00  1.80000000e+00  0.00000000e+00  1.80000000e+00  0.00000000e+00  1.80000000e+00  1.80000000e+00  6.24594788e-01  6.24594788e-01  6.24594788e-01 
 5.86356281e-01  6.24594285e-01  2.18203788e-07  2.18001313e-07  1.80000000e+00  1.80000000e+00  0.00000000e+00  1.80000000e+00  1.80000000e+00  0.00000000e+00  0.00000000e+00  3.33873439e-09  3.33873439e-09  6.24594287e-01 
 5.42949681e-01  6.24594785e-01  2.20260696e-07  2.20058587e-07  1.80000000e+00  1.80000000e+00  0.00000000e+00  1.80000000e+00  1.80000000e+00  0.00000000e+00  1.80000000e+00  6.24594787e-01  3.33873442e-09  6.24594787e-01 
 5.43686413e-01  6.24594791e-01  2.21967331e-07  2.21765512e-07  1.80000000e+00  1.80000000e+00  0.00000000e+00  1.80000000e+00  1.80000000e+00  1.80000000e+00  0.00000000e+00  3.33873442e-09  6.24594793e-01  6.24594793e-01 
 5.06127460e-01  6.24595286e-01  2.23845766e-07  2.23644271e-07  1.80000000e+00  1.80000000e+00  0.00000000e+00  1.80000000e+00  1.80000000e+00  1.80000000e+00  1.80000000e+00  6.24595288e-01  6.24595288e-01  6.24595288e-01 
 6.42238243e-01  6.24593776e-01  2.25643799e-07  2.25442618e-07  1.80000000e+00  1.80000000e+00  1.80000000e+00  0.00000000e+00  0.00000000e+00  0.00000000e+00  0.00000000e+00  3.33873433e-09  3.33873433e-09  6.24593778e-01 
 5.88563986e-01  6.24594287e-01  2.28009108e-07  2.27808333e-07  1.80000000e+00  1.80000000e+00  1.80000000e+00  0.00000000e+00  0.00000000e+00  0.00000000e+00  1.80000000e+00  6.24594289e-01  3.33873439e-09  6.24594289e-01 
 5.89147334e-01  6.24594290e-01  2.29897495e-07  2.29697037e-07  1.80000000e+00  1.80000000e+00  1.80000000e+00  0.00000000e+00  0.00000000e+00  1.80000000e+00  0.00000000e+00  3.33873439e-09  6.24594292e-01  6.24594292e-01 
 5.45493275e-01  6.24594792e-01  2.31969363e-07  2.31769262e-07  1.80000000e+00  1.80000000e+00  1.80000000e+00  0.00000000e+00  0.00000000e+00  1.80000000e+00  1.80000000e+00  6.24594794e-01  6.24594794e-01  6.24594794e-01 
 5.90280236e-01  6.24594287e-01  2.33539446e-07  2.33339610e-07  1.80000000e+00  1.80000000e+00  1.80000000e+00  0.00000000e+00  1.80000000e+00  0.00000000e+00  0.00000000e+00  3.33873439e-09  3.33873439e-09  6.24594289e-01 
 5.46243459e-01  6.24594790e-01  2.35640031e-07  2.35440550e-07  1.80000000e+00  1.80000000e+00  1.80000000e+00  0.00000000e+00  1.80000000e+00  0.00000000e+00  1.80000000e+00  6.24594792e-01  3.33873442e-09  6.24594792e-01 
 5.46931394e-01  6.24594784e-01  2.37362606e-07  2.37163418e-07  1.80000000e+00  1.80000000e+00  1.80000000e+00  0.00000000e+00  1.80000000e+00  1.80000000e+00  0.00000000e+00  3.33873442e-09  6.24594786e-01  6.24594786e-01 
 5.08958433e-01  6.24595289e-01  2.39268593e-07  2.39069721e-07  1.80000000e+00  1.80000000e+00  1.80000000e+00  0.00000000e+00  1.80000000e+00  1.80000000e+00  1.80000000e+00  6.24595291e-01  6.24595291e-01  6.24595291e-01 
 5.92543676e-01  6.24594285e-01  2.40715842e-07  2.40517216e-07  1.80000000e+00  1.80000000e+00  1.80000000e+00  1.80000000e+00  0.00000000e+00  0.00000000e+00  0.00000000e+00  3.33873439e-09  3.33873439e-09  6.24594287e-01 
 5.48069332e-01  6.24594788e-01  2.42879850e-07  2.42681580e-07  1.80000000e+00  1.80000000e+00  1.80000000e+00  1.80000000e+00  0.00000000e+00  0.00000000e+00  1.80000000e+00  6.24594790e-01  3.33873442e-09  6.24594790e-01 
 5.48650227e-01  6.24594782e-01  2.44609753e-07  2.44411772e-07  1.80000000e+00  1.80000000e+00  1.80000000e+00  1.80000000e+00  0.00000000e+00  1.80000000e+00  0.00000000e+00  3.33873442e-09  6.24594784e-01  6.24594784e-01 
 5.10385935e-01  6.24595295e-01  2.46547376e-07  2.46349717e-07  1.80000000e+00  1.80000000e+00  1.80000000e+00  1.80000000e+00  0.00000000e+00  1.80000000e+00  1.80000000e+00  6.24595297e-01  6.24595297e-01  6.24595297e-01 
 5.49805667e-01  6.24594786e-01  2.47997507e-07  2.47800091e-07  1.80000000e+00  1.80000000e+00  1.80000000e+00  1.80000000e+00  1.80000000e+00  0.00000000e+00  0.00000000e+00  3.33873437e-09  3.33873437e-09  6.24594788e-01 
 5.11225367e-01  6.24595296e-01  2.49977690e-07  2.49780600e-07  1.80000000e+00  1.80000000e+00  1.80000000e+00  1.80000000e+00  1.80000000e+00  0.00000000e+00  1.80000000e+00  6.24595298e-01  3.33873446e-09  6.24595298e-01 
 5.11931145e-01  6.24595291e-01  2.51583423e-07  2.51386595e-07  1.80000000e+00  1.80000000e+00  1.80000000e+00  1.80000000e+00  1.80000000e+00  1.80000000e+00  0.00000000e+00  3.33873446e-09  6.24595293e-01  6.24595293e-01 
 4.77648162e-01  6.24595803e-01  2.53400577e-07  2.53204050e-07  1.80000000e+00  1.80000000e+00  1.80000000e+00  1.80000000e+00  1.80000000e+00  1.80000000e+00  1.80000000e+00  6.24595805e-01  6.24595805e-01  6.24595805e-01 
